0,0.04,2.279030952380952,0.8756743506100465,2.2652047619047617,0.7838666985887732,SW
1,0.04,2.2147380952380953,0.8731106404552578,2.248496428571429,0.8059427619801247,SW
2,0.04,2.2360416666666665,0.8815563834931344,2.224888095238095,0.7999512520259681,SW
3,0.04,2.2577749999999996,0.905738793606347,2.278043650793651,0.7825831042458178,SW
4,0.04,2.258779761904762,0.8860369039093606,2.2403833333333334,0.7316666840182541,SW
5,0.04,2.23439126984127,0.8887922129297433,2.2195011904761905,0.7960518147930558,SW
6,0.04,2.2412047619047617,0.8428036667996734,2.2697249999999998,0.784657708819534,SW
7,0.04,2.2295464285714286,0.8996484749370904,2.2270988095238096,0.8092697963093256,SW
8,0.04,2.2481261904761904,0.8528751647580071,2.2513166666666664,0.7776708064270731,SW
9,0.04,2.2623761904761905,0.8584701588190277,2.254489285714286,0.789046425121054,SW
10,0.04,2.228340476190476,0.8848847596895536,2.2266345238095235,0.8024884164567957,SW
11,0.04,2.2422857142857144,0.8736537372481787,2.2534083333333332,0.8112652489674732,SW
12,0.04,2.2640099206349205,0.9061889709752886,2.2728765873015875,0.8042149539427995,SW
13,0.04,2.2633035714285716,0.877441878073799,2.253539285714286,0.8135856311306489,SW
14,0.04,2.2474392857142855,0.8853171442258762,2.2681619047619046,0.7894987757964714,SW
15,0.04,2.2471567460317465,0.9063774876900499,2.2193845238095236,0.7638745601829713,SW
16,0.04,2.242717857142857,0.866875489388696,2.216584523809524,0.8024472120435691,SW
17,0.04,2.243911904761905,0.9132025368476527,2.271017857142857,0.7749160129085441,SW
18,0.04,2.2202492063492065,0.8554211679962593,2.222457142857143,0.7824615023746617,SW
19,0.04,2.291622619047619,0.8846176724143539,2.2934726190476193,0.7652120903652877,SW
20,0.04,2.2723785714285714,0.858781982009821,2.282875,0.8171607060909633,SW
21,0.04,2.2507904761904767,0.8982844233274581,2.2490476190476194,0.7933816654802287,SW
22,0.04,2.267470238095238,0.8813943159320424,2.2631876984126986,0.7633263511786571,SW
23,0.04,2.266739285714286,0.8710418742867597,2.242522619047619,0.7491386294420356,SW
24,0.04,2.2316511904761906,0.8883306422587859,2.2280511904761906,0.8058279551831097,SW
25,0.04,2.246434523809524,0.863319525024676,2.2597595238095236,0.8045766576696675,SW
26,0.04,2.2570698412698413,0.8914226699158538,2.2575535714285717,0.8184019447446641,SW
27,0.04,2.2410738095238094,0.8779607682229023,2.2489440476190476,0.7964334830005503,SW
28,0.04,2.2785535714285716,0.9010552445990448,2.300916666666667,0.8053148275759024,SW
29,0.04,2.234827380952381,0.8755372548660889,2.258470238095238,0.7759445781389634,SW
30,0.04,2.216886111111111,0.9016399527011727,2.2243178571428572,0.7721914719279867,SW
31,0.04,2.2230067460317464,0.8677331971491656,2.2428285714285714,0.7484704604550851,SW
32,0.04,2.231620238095238,0.8514809846235285,2.2155952380952386,0.7977665553013423,SW
33,0.04,2.2197321428571426,0.9005365545786409,2.234788095238095,0.8034069820411801,SW
34,0.04,2.2421857142857142,0.9015386600952056,2.243390476190476,0.7811422345592671,SW
35,0.04,2.2444107142857144,0.8698789728474938,2.237170634920635,0.7897021291639794,SW
36,0.04,2.2418690476190477,0.8749962950196909,2.225642857142857,0.8394047436702661,SW
37,0.04,2.2559599206349206,0.866491779900866,2.2479388888888887,0.7653389706392938,SW
38,0.04,2.2591988095238094,0.8785982078050353,2.2571071428571425,0.7637100813094264,SW
39,0.04,2.22433373015873,0.932371869733579,2.236315476190476,0.8095139477471789,SW
40,0.04,2.248394047619047,0.8609956179216102,2.2374797619047624,0.759276905785002,SW
41,0.04,2.2412027777777777,0.8946950778444388,2.249824206349206,0.7528685320228882,SW
42,0.04,2.2790535714285713,0.8866531753863057,2.2694392857142858,0.78238660110759,SW
43,0.04,2.228520238095238,0.8879023752916023,2.238280952380953,0.7762064649828544,SW
44,0.04,2.2498559523809525,0.8585208618529185,2.2646404761904764,0.8155461190003623,SW
45,0.04,2.2209178571428567,0.8836607987541478,2.2216416666666663,0.7700065366942483,SW
46,0.04,2.254884523809524,0.857062374190205,2.242234523809524,0.7815854300060076,SW
47,0.04,2.2570444444444444,0.8879708141998521,2.2559488095238094,0.7560741924646379,SW
48,0.04,2.248488095238095,0.8823417945304889,2.2203595238095235,0.7817923560487084,SW
49,0.04,2.2312523809523808,0.8709226433518351,2.2247559523809524,0.7928876736712503,SW
50,0.04,2.2735238095238097,0.8947297983925199,2.2415670634920635,0.7626966602228475,SW
51,0.04,2.293030952380952,0.8722434005036794,2.307658333333334,0.8154522150724774,SW
52,0.04,2.2178150793650793,0.8757553821771925,2.2237559523809525,0.7740090758949432,SW
53,0.04,2.267786507936508,0.880094479520073,2.2642496031746036,0.7949125306555058,SW
54,0.04,2.2325880952380954,0.8460918610000729,2.2437142857142853,0.7988725487875705,SW
55,0.04,2.2996527777777778,0.8952719939137281,2.27590873015873,0.7738567413249718,SW
56,0.04,2.277786904761905,0.9113642892932751,2.2869928571428573,0.7980818331603815,SW
57,0.04,2.2512218253968257,0.8963781621856534,2.2353984126984123,0.7873196376883055,SW
58,0.04,2.231745634920635,0.8798550217955111,2.2311218253968255,0.8013206613602609,SW
59,0.04,2.246111904761905,0.9007767868846586,2.267632142857143,0.7726152095427085,SW
60,0.04,2.2356202380952377,0.8691353663781527,2.259575,0.8099769610107421,SW
61,0.04,2.235314285714286,0.8910025445779852,2.2514083333333335,0.7914009395703152,SW
62,0.04,2.23214246031746,0.8882551875019111,2.218299603174603,0.7719119015234992,SW
63,0.04,2.228671428571429,0.8816701764779747,2.22425,0.7619139220989525,SW
64,0.04,2.2277690476190473,0.8909739025772282,2.2469,0.8083871722585093,SW
65,0.04,2.238464285714285,0.8445208458303147,2.256883333333333,0.7902756957402763,SW
66,0.04,2.228475396825397,0.8713038860979142,2.264346825396825,0.7722723772318278,SW
67,0.04,2.212697222222222,0.8897154501820295,2.214234920634921,0.8047920628894124,SW
68,0.04,2.2355226190476185,0.864384382960798,2.230952380952381,0.7950103537596439,SW
69,0.04,2.247872619047619,0.8663663510541862,2.2478583333333337,0.7639019476714136,SW
70,0.04,2.2534468253968254,0.896431159608608,2.223459920634921,0.8012894204136932,SW
71,0.04,2.234617857142857,0.8601709827449457,2.20724126984127,0.7866543567054455,SW
72,0.04,2.205354761904762,0.8668320992650921,2.230607142857143,0.8074873842411513,SW
73,0.04,2.2576448412698413,0.8609349008480286,2.2175011904761903,0.7834633789857282,SW
74,0.04,2.2446126984126984,0.8686631767468496,2.2601238095238094,0.7463233295275091,SW
75,0.04,2.265190476190476,0.9118442106590751,2.249347619047619,0.7893306455788264,SW
76,0.04,2.2495583333333333,0.8802115773984327,2.274955158730159,0.8005288572459717,SW
77,0.04,2.2551488095238095,0.8862734149277259,2.23465,0.7659429229214598,SW
78,0.04,2.2363761904761903,0.8771648299946777,2.256176190476191,0.7736035153028255,SW
79,0.04,2.2528785714285715,0.8820951301882434,2.2503547619047617,0.8085397162684383,SW
80,0.04,2.244444047619048,0.8615768895182082,2.278455952380952,0.7976993648181224,SW
81,0.04,2.2714511904761903,0.8712164397013172,2.2809833333333334,0.8040344462554487,SW
82,0.04,2.2202884920634918,0.8685971339911968,2.210342857142857,0.8033693561234936,SW
83,0.04,2.270546428571429,0.8488938580282751,2.2873654761904763,0.8020836555622641,SW
84,0.04,2.248671031746032,0.9023589962915552,2.2344694444444446,0.8207191847368415,SW
85,0.04,2.232617857142857,0.8676492449718204,2.218108333333333,0.7632691285409208,SW
86,0.04,2.2368488095238095,0.8636976820209071,2.2437011904761905,0.7832026145807425,SW
87,0.04,2.230507142857143,0.885495131076317,2.236429761904762,0.7651502747995284,SW
88,0.04,2.278117857142857,0.9055563475149737,2.2701916666666664,0.7676707834751195,SW
89,0.04,2.2253369047619045,0.9057966881038971,2.216190476190476,0.7930157213071901,SW
90,0.04,2.249660714285714,0.879307950229299,2.247475,0.7748952770652844,SW
91,0.04,2.2225511904761905,0.8669821326616782,2.2198226190476187,0.8202997291784221,SW
92,0.04,2.247269841269841,0.8954871791275737,2.2353920634920637,0.7836000744620313,SW
93,0.04,2.2395404761904767,0.8980726498541751,2.196547619047619,0.7938057227749143,SW
94,0.04,2.2461369047619044,0.9123514470566858,2.2545452380952384,0.7960379272540876,SW
95,0.04,2.2588373015873016,0.8809846141232374,2.2428789682539683,0.7840144423100007,SW
96,0.04,2.2567166666666667,0.8610749736880009,2.243048015873016,0.7805209722367359,SW
97,0.04,2.2512047619047615,0.891147488448349,2.2547821428571426,0.7872175974863834,SW
98,0.04,2.232208333333333,0.8974115460354666,2.245654761904762,0.8360509153623548,SW
99,0.04,2.2769309523809524,0.8949221224906273,2.282485714285714,0.7823173892534568,SW
0,0.02,2.2786130952380956,0.9240622366782546,2.2606678571428573,0.7774994545052443,SW
1,0.02,2.287322619047619,0.898066999978192,2.23097380952381,0.8044271754525552,SW
2,0.02,2.241213888888889,0.8866116572168835,2.2165234126984124,0.8170218450226631,SW
3,0.02,2.2260690476190477,0.8372821234821158,2.2238654761904764,0.794213510541958,SW
4,0.02,2.2598611111111113,0.8602154074930068,2.2280984126984125,0.7941829219199994,SW
5,0.02,2.231629761904762,0.8764186808466059,2.2240226190476187,0.809934334772007,SW
6,0.02,2.230765476190476,0.9059733543274975,2.2254833333333335,0.7860210666998172,SW
7,0.02,2.202141666666667,0.8610379739432396,2.185894047619047,0.7933545327790863,SW
8,0.02,2.2124619047619043,0.8923985719025928,2.2211559523809523,0.7835594138931798,SW
9,0.02,2.2880392857142855,0.8843621309577046,2.2764595238095238,0.7765123428143843,SW
10,0.02,2.227216666666666,0.8803140938603711,2.227047619047619,0.7962433904580135,SW
11,0.02,2.2343126984126984,0.9039960200816745,2.2341607142857147,0.7629939164356798,SW
12,0.02,2.2471464285714284,0.8822833023850769,2.2337833333333332,0.7587028974609535,SW
13,0.02,2.234297619047619,0.8455200451105068,2.2495507936507937,0.8003447015175184,SW
14,0.02,2.249796031746032,0.8979133636233054,2.2383035714285717,0.7783832963823274,SW
15,0.02,2.236023015873016,0.8933529368354125,2.2184230158730163,0.7730196449384034,SW
16,0.02,2.2394880952380953,0.8839172478832179,2.2427892857142857,0.796037027170659,SW
17,0.02,2.2330476190476194,0.9091993877274616,2.216279761904762,0.7757034271790723,SW
18,0.02,2.263143253968254,0.9143148488281804,2.2357936507936507,0.7877471423494137,SW
19,0.02,2.2572047619047617,0.8748922765694683,2.288235714285714,0.7616923179227553,SW
20,0.02,2.261184523809524,0.8522991921540396,2.230146031746032,0.7677651424496266,SW
21,0.02,2.2649476190476188,0.8911057225833877,2.2298690476190477,0.7820705481361031,SW
22,0.02,2.2705424603174604,0.8676463110330299,2.2877420634920638,0.769799506302536,SW
23,0.02,2.2894940476190477,0.8926506891270718,2.2929678571428567,0.7738555429090754,SW
24,0.02,2.243429761904762,0.8857702008392063,2.2192583333333333,0.7964284074231094,SW
25,0.02,2.20615119047619,0.8666926790531098,2.2072055555555554,0.8056231171367163,SW
26,0.02,2.2713297619047617,0.8764631645019324,2.278580952380952,0.7665130224778428,SW
27,0.02,2.235025,0.9121351845513591,2.2441119047619047,0.7908564660853319,SW
28,0.02,2.269760714285714,0.8669552667366364,2.2875916666666667,0.7927228347480657,SW
29,0.02,2.2790543650793653,0.9074423110699509,2.2749361111111113,0.7680179503367086,SW
30,0.02,2.2334642857142857,0.892098279018314,2.2300345238095236,0.8045902629009659,SW
31,0.02,2.233127380952381,0.8522348530276945,2.2499809523809526,0.7955867728470928,SW
32,0.02,2.280677380952381,0.8665706314850072,2.2879071428571427,0.7739004370000633,SW
33,0.02,2.2577678571428574,0.8901706690157271,2.2470488095238093,0.8014424474287176,SW
34,0.02,2.247423015873016,0.8660891167091355,2.240369841269841,0.8254925707761709,SW
35,0.02,2.273291666666667,0.8958769976504685,2.275272619047619,0.8041317328415507,SW
36,0.02,2.234575793650794,0.8981198201592626,2.1972749999999994,0.8032323583396298,SW
37,0.02,2.2400380952380954,0.8799147255761289,2.2765226190476193,0.8070661109381849,SW
38,0.02,2.2402892857142858,0.8749687331237391,2.2368821428571426,0.7686837417190266,SW
39,0.02,2.237157142857143,0.8449439755341079,2.2055,0.8108447028168635,SW
40,0.02,2.23943253968254,0.8763206364944033,2.2094011904761905,0.8182597941303195,SW
41,0.02,2.2319809523809524,0.8768141345279149,2.2445440476190472,0.7909057219321259,SW
42,0.02,2.215877380952381,0.8867611913622896,2.254153968253968,0.8055288838512055,SW
43,0.02,2.2818488095238094,0.8856717203601728,2.270159523809524,0.78616277932451,SW
44,0.02,2.2448785714285715,0.8965271816976191,2.245397619047619,0.8004841612128298,SW
45,0.02,2.2177785714285716,0.8493674063631496,2.2128571428571426,0.8049481134952122,SW
46,0.02,2.229263095238095,0.9188822632510673,2.2033190476190474,0.7789056395101853,SW
47,0.02,2.2094988095238097,0.8906512278303842,2.213572619047619,0.8154659038271956,SW
48,0.02,2.266675,0.913711618299678,2.276379761904762,0.7970917657638105,SW
49,0.02,2.2328916666666667,0.8710469023007045,2.2401202380952383,0.7955132807296034,SW
50,0.02,2.2544785714285713,0.8515136344233388,2.2726214285714286,0.7882153267698335,SW
51,0.02,2.260508333333333,0.8867480918437916,2.237023809523809,0.7938597086144701,SW
52,0.02,2.2850714285714284,0.8787886720055917,2.297207142857143,0.7878792686059795,SW
53,0.02,2.264067857142857,0.9154832168216026,2.2625869047619043,0.7857355793209492,SW
54,0.02,2.301482142857143,0.8695001406435089,2.284739285714285,0.7701210426983189,SW
55,0.02,2.2736984126984123,0.917815505921562,2.2355738095238094,0.80543796982571,SW
56,0.02,2.23742380952381,0.8807459120211403,2.2307253968253966,0.8185483678986657,SW
57,0.02,2.2484166666666665,0.8922615387241538,2.1994107142857144,0.7702113246755378,SW
58,0.02,2.2707845238095232,0.8694060157256727,2.250839285714285,0.7891201255366178,SW
59,0.02,2.266067857142857,0.8639060854497095,2.2694142857142863,0.794084502548821,SW
60,0.02,2.254307142857143,0.8875529606982434,2.2215749999999996,0.7778381047262442,SW
61,0.02,2.2392809523809523,0.9172069480647381,2.209804761904762,0.8024213748331456,SW
62,0.02,2.260261904761905,0.9025216308863112,2.2541571428571427,0.7988915133709047,SW
63,0.02,2.2913904761904758,0.8926376858677278,2.255010714285714,0.7842396563576882,SW
64,0.02,2.233415476190476,0.876858045248977,2.2296158730158733,0.7700583338820863,SW
65,0.02,2.2299194444444446,0.8682685711779989,2.227487698412699,0.7705299103170598,SW
66,0.02,2.2855535714285717,0.8748276512923576,2.289345238095238,0.8036946144556331,SW
67,0.02,2.264531746031746,0.8749898901262397,2.2554083333333335,0.7855120448151022,SW
68,0.02,2.187211904761905,0.8922834660471857,2.207625,0.7790702502961732,SW
69,0.02,2.2589738095238094,0.8732702619089162,2.242789285714286,0.7632414926992119,SW
70,0.02,2.2407619047619045,0.8698168093029887,2.258129761904762,0.7883896045691413,SW
71,0.02,2.2096698412698417,0.8849584130109625,2.217017857142857,0.7792566301650434,SW
72,0.02,2.2613043650793654,0.8780537348798485,2.257969841269841,0.7959981859769589,SW
73,0.02,2.253539682539683,0.8607478816249531,2.2685440476190477,0.7895085802488562,SW
74,0.02,2.2727047619047616,0.879505187443047,2.2397250000000004,0.8000183129626973,SW
75,0.02,2.2285714285714286,0.860217130673856,2.251097619047619,0.7960036662074153,SW
76,0.02,2.2637654761904757,0.8822576944973144,2.2404226190476186,0.7825007344028416,SW
77,0.02,2.284988888888889,0.8836202747787083,2.2563142857142857,0.815019731116274,SW
78,0.02,2.215007142857143,0.842145048905289,2.2345333333333337,0.7939597669827493,SW
79,0.02,2.201966666666667,0.8715335603031554,2.2328488095238095,0.7633496468333356,SW
80,0.02,2.260822619047619,0.892294184999329,2.2747138888888885,0.7612307872997349,SW
81,0.02,2.2360785714285716,0.8934155399624999,2.242625793650794,0.7993650769135833,SW
82,0.02,2.2508059523809525,0.8912893526429211,2.267039285714286,0.8002732606495114,SW
83,0.02,2.289127380952381,0.8919652079145811,2.259860714285714,0.7788226066644727,SW
84,0.02,2.2356948412698414,0.8343783740799912,2.2598761904761906,0.7928149177087277,SW
85,0.02,2.2259178571428575,0.8724871632285388,2.235650396825397,0.7667421157580898,SW
86,0.02,2.2871940476190473,0.8978875766323375,2.2813202380952378,0.8049701508520395,SW
87,0.02,2.2067535714285715,0.8751173358896203,2.212169047619048,0.8109330457213204,SW
88,0.02,2.2456083333333337,0.8935912523962659,2.2509190476190475,0.7848117471602509,SW
89,0.02,2.251290476190476,0.8741830952977233,2.247477380952381,0.8005595414585672,SW
90,0.02,2.227059523809524,0.8779784383344912,2.2325,0.813243424061975,SW
91,0.02,2.2151706349206353,0.864323226507857,2.2497186507936506,0.7815058562969304,SW
92,0.02,2.255937698412698,0.8674941943267233,2.249859920634921,0.7666536393441769,SW
93,0.02,2.2602821428571427,0.9041358542282665,2.224655952380952,0.7926049304617234,SW
94,0.02,2.256840476190476,0.8671700326244325,2.2538738095238093,0.8062278627135422,SW
95,0.02,2.2310714285714286,0.8693429309077484,2.2355380952380957,0.7953018670038842,SW
96,0.02,2.231877380952381,0.8606579719368471,2.213205952380952,0.7948871074158882,SW
97,0.02,2.26190753968254,0.8912400960907858,2.2492928571428563,0.8207875666339106,SW
98,0.02,2.2685944444444446,0.8720421295578179,2.295949206349206,0.7700665809970956,SW
99,0.02,2.2109309523809526,0.8733389212802224,2.17803253968254,0.7449182432083576,SW
0,0.02,2.2238437662539874,0.9661537396358107,2.2972974191440962,0.9741490109095822,BA
1,0.02,2.2451001334976874,0.9932918085812585,2.2933900407501597,0.9361453489474273,BA
2,0.02,2.173797379760973,0.9938593816688089,2.21471829850038,0.9364138946690659,BA
3,0.02,2.272919944988429,1.027653741982709,2.244431156904736,0.9260261006072226,BA
4,0.02,2.268728124340726,0.9664513470996857,2.2592819917759357,0.9243590412518897,BA
5,0.02,2.118522394375831,1.0367236349064803,2.258972678776575,0.9096444143946746,BA
6,0.02,2.369729347111727,1.0249690298538658,2.2600537078323932,0.9493632592441056,BA
7,0.02,2.2256000498100557,1.0320214111990271,2.2445521146016105,0.9112913151187272,BA
8,0.02,2.3030638846648213,1.013068442120648,2.2223520591337973,0.919234326793594,BA
9,0.02,2.3003376071765738,0.981772857740216,2.196196857188968,0.9505772112714379,BA
10,0.02,2.2707328249054757,0.9855851999968321,2.229202620838167,0.9225224130415093,BA
11,0.02,2.2733077379621935,1.0217715253394826,2.243177525000691,0.9176856365290162,BA
12,0.02,2.2432605022009997,1.0186349916953665,2.2259843554333503,0.914528195104569,BA
13,0.02,2.269916319577432,0.9906090289802882,2.2536867326419032,0.9471229477931888,BA
14,0.02,2.1829018053191103,1.0030321635662545,2.2485100506786204,0.9662630061141575,BA
15,0.02,2.197324595476657,0.9881479713663602,2.286577575638446,0.9351326134585932,BA
16,0.02,2.244448937160651,1.0138585334755192,2.258826260174592,0.9409586762129943,BA
17,0.02,2.359180977772783,1.0077359037571405,2.2302474205516565,0.9144253477205044,BA
18,0.02,2.155808557898949,1.0403725529645294,2.2176917658567916,0.9306474965224143,BA
19,0.02,2.1967024949758045,0.9764306633907343,2.233743934750414,0.8946914770014673,BA
20,0.02,2.14530523539483,0.9954159690236305,2.2294037925695167,0.9624471444733429,BA
21,0.02,2.2633056319088847,1.0181782905992918,2.231941646419112,0.9284954160719533,BA
22,0.02,2.208895717221889,0.9632072692753598,2.287113973942686,0.9195822829637318,BA
23,0.02,2.3343471426471094,1.0141091985430644,2.2673651737924216,0.92009188729071,BA
24,0.02,2.320762616721645,0.9889015489808333,2.231539792602053,0.9418898970361427,BA
25,0.02,2.1519889763593354,1.0144857982862048,2.2390600301780332,0.9305061138649144,BA
26,0.02,2.266351162948806,0.9658728997627097,2.313287664728166,0.9234269159079169,BA
27,0.02,2.232829886888596,1.0101957104159205,2.1978348849912197,0.9167326233314608,BA
28,0.02,2.215799252672818,1.0233220027189192,2.232114277325455,0.9232208494016555,BA
29,0.02,2.1867074734566065,1.0244576872580646,2.2234535910168307,0.9135465555700453,BA
30,0.02,2.2804195712272577,1.0065909168586307,2.239088463530145,0.916055299660569,BA
31,0.02,2.327252341862708,1.018195395228602,2.2622068565075706,0.9325253393275885,BA
32,0.02,2.293348298100747,1.0193621989804333,2.277969831466451,0.9424540078070757,BA
33,0.02,2.239017701511873,0.9960774866855591,2.20828438064884,0.912018798960052,BA
34,0.02,2.14364322767855,0.9960070477450568,2.221653237585529,0.9529983378570499,BA
35,0.02,2.278040925446213,1.0122078000938424,2.3067686591599847,0.928391865596951,BA
36,0.02,2.14548688464296,0.987950106723187,2.2306903737659893,0.9160475443980567,BA
37,0.02,2.2147259031560163,0.9900701066122611,2.264169651758814,0.9379008563535172,BA
38,0.02,2.279398671659659,1.0261505221295022,2.217399009872761,0.9481811132461029,BA
39,0.02,2.2582216856978183,1.013423598282731,2.2495037181267525,0.9097980425531047,BA
40,0.02,2.345291580214318,1.0207350717879162,2.2645190396400374,0.969141287494313,BA
41,0.02,2.258589704443781,1.0279318874252241,2.2813399656244373,0.9397605984648757,BA
42,0.02,2.308957374520105,1.049739648694365,2.2656309591742185,0.9186914654957166,BA
43,0.02,2.2638685583216365,1.0189264340637665,2.2592188167560687,0.9079241342296646,BA
44,0.02,2.2295757340149995,0.965515761992806,2.2383154212736462,0.9147677512521984,BA
45,0.02,2.343001674501345,1.050052715492498,2.26287472470591,0.9264506356722281,BA
46,0.02,2.131315391953696,1.0427288279860543,2.2660484059837365,0.9433193709994584,BA
47,0.02,2.3324976471460412,1.0084110684063712,2.281262667522623,0.9531697174029939,BA
48,0.02,2.2660910389580913,1.0175667630338594,2.2424934000716354,0.9235731768811765,BA
49,0.02,2.29714513876375,0.9928722599389488,2.2866032411979624,0.8885845230706704,BA
50,0.02,2.250649645913186,0.9982532751072826,2.1764519219687672,0.9678545200708509,BA
51,0.02,2.32027907752286,0.9802330677982534,2.248160172887595,0.9320374089590285,BA
52,0.02,2.200952283685474,0.9870232171283743,2.257330118524606,0.8898930151269465,BA
53,0.02,2.3338224645642183,1.0296477276874627,2.2618813060348573,0.915802550638736,BA
54,0.02,2.2986367570472077,1.0052164441860496,2.2538638605409997,0.9334939625150995,BA
55,0.02,2.1517911017433327,0.9982426806935669,2.227045773145138,0.9275453120468513,BA
56,0.02,2.3103419440181683,1.0034383759320875,2.237425707668376,0.9298783197071043,BA
57,0.02,2.2644937576001842,0.9967948963262747,2.2559465245049717,0.9706974762504483,BA
58,0.02,2.183371548725685,0.9619763138470048,2.2323559604931336,0.9284733552490473,BA
59,0.02,2.1847229694669403,1.0072748861460556,2.22083455994235,0.9381029765231206,BA
60,0.02,2.3213406550489544,1.0190860494150842,2.257216855808356,0.9705502046514756,BA
61,0.02,2.2577020302177635,0.9906923451577748,2.295577851295908,0.9478299903901268,BA
62,0.02,2.170375093392956,1.013229665509766,2.220313617438104,0.9508302485652356,BA
63,0.02,2.281473602168172,1.0173804529346995,2.2413210127701015,0.9209417036306908,BA
64,0.02,2.2135020938675645,1.032730089075685,2.2363688837104045,0.9246286459255706,BA
65,0.02,2.2289074991082307,1.0128576301562073,2.2322242379733823,0.9453162227519544,BA
66,0.02,2.1752162211563317,1.0082530896302588,2.253614757282387,0.9193346519071728,BA
67,0.02,2.3014210414866847,1.0123935170218967,2.272953552046297,0.9492855126967876,BA
68,0.02,2.2780068562441786,1.0089366627101701,2.2651067300988648,0.9502481432929876,BA
69,0.02,2.2363813866353475,0.9662601053294168,2.2221507860922136,0.9338019849470295,BA
70,0.02,2.270925813870059,0.9798671005049295,2.2783760523258834,0.9818078601601992,BA
71,0.02,2.175058496575183,1.0128344700337304,2.2806728211652443,0.9853655139283342,BA
72,0.02,2.275527575527951,0.9868649428437548,2.256133295503786,0.9224583645582739,BA
73,0.02,2.2958161292299386,0.9658131061544193,2.301608944832211,0.8932186544634535,BA
74,0.02,2.2666364266700265,1.0012315910742202,2.2258902999577104,0.9211585945071588,BA
75,0.02,2.252166038632806,0.9991595930839584,2.2349638471902944,0.9527341471342963,BA
76,0.02,2.269262489643267,1.037403715445032,2.2893901025051,0.9464416621308854,BA
77,0.02,2.2893188356048624,0.9659963630206427,2.269463756057173,0.9474374884382107,BA
78,0.02,2.231526222746298,0.963346014434866,2.317653348677831,0.9255467810883219,BA
79,0.02,2.274364210675762,1.0353107567637485,2.2037123073410423,0.9445194443108393,BA
80,0.02,2.1582929991654902,1.0161323890401877,2.19361330256543,0.9065861184135554,BA
81,0.02,2.2999360166642386,0.9832263678695139,2.281893551085696,0.9611814806730201,BA
82,0.02,2.2330352426309528,1.049186110102051,2.23555618489449,0.908019053382681,BA
83,0.02,2.3002141231048583,0.9633447986607877,2.2260886731603526,0.9136147570442911,BA
84,0.02,2.2528337391886315,0.9982673904432501,2.2487194848914505,0.9309402647129538,BA
85,0.02,2.250756661838155,0.9926559874140307,2.228752560059637,0.943363991784237,BA
86,0.02,2.2530445280266282,0.966090781284595,2.1935093365271743,0.9304297903611916,BA
87,0.02,2.2859881039074654,1.0429940347610358,2.2984737500036556,0.9535113511253815,BA
88,0.02,2.2109406863498906,0.9914764699644439,2.2527430589462862,0.8862201694104803,BA
89,0.02,2.156423840327532,0.9989177010451127,2.2336145427303817,0.9153049576822058,BA
90,0.02,2.2598996114105674,1.0152369201101867,2.2492825376974874,0.9509317097272005,BA
91,0.02,2.2644139457980894,1.0340426977692152,2.311416590753717,0.9157640627922901,BA
92,0.02,2.240347673486529,1.0216818131413368,2.268796021950639,0.9331219140329058,BA
93,0.02,2.3519904663079503,1.01059693794845,2.2519201328014904,0.9701125123639778,BA
94,0.02,2.1514484127196374,0.9568298422115383,2.2209286182487067,0.8823771838332434,BA
95,0.02,2.2651691600150836,1.031086429456996,2.2478893655625862,0.9587180715925501,BA
96,0.02,2.223387952656878,1.0301385497706086,2.201105364734183,0.9513758187741976,BA
97,0.02,2.1888330301083907,0.9864705988627481,2.2269253002118217,0.9337220099488525,BA
98,0.02,2.1904379328352888,0.9782475845849802,2.2649249224734005,0.9085650166202842,BA
99,0.02,2.222037200557586,0.9930050986135258,2.2184740049143983,0.9493695801123287,BA
0,0.03,2.2192535714285713,0.8957899887243713,2.2463821428571427,0.7808320895660529,SW
1,0.03,2.2315142857142853,0.8815851598192914,2.2181702380952384,0.7916286455522566,SW
2,0.03,2.241280952380953,0.8775259660996582,2.2727357142857145,0.8063929691798103,SW
3,0.03,2.2124376984126983,0.8731731693928977,2.22948253968254,0.8106105334538493,SW
4,0.03,2.2532976190476193,0.8665164386902352,2.2452404761904763,0.7947493454562731,SW
5,0.03,2.2673071428571427,0.8882405030531835,2.26709126984127,0.764177903592483,SW
6,0.03,2.2563472222222223,0.8780341633604363,2.2637376984126987,0.7899880462958562,SW
7,0.03,2.271220238095238,0.8612956052245254,2.2576857142857145,0.7895245114449174,SW
8,0.03,2.2180630952380955,0.8933436000772806,2.185767857142857,0.7819883852814798,SW
9,0.03,2.253088095238095,0.8505907587305828,2.2412666666666663,0.7954539227224939,SW
10,0.03,2.2638214285714287,0.8796402437787033,2.2616666666666667,0.7934353729467095,SW
11,0.03,2.236338095238095,0.8993429333511814,2.2564357142857143,0.7687590100167018,SW
12,0.03,2.265462301587301,0.8592045201068116,2.266093650793651,0.8111153525950667,SW
13,0.03,2.243148809523809,0.8982871353074696,2.2425785714285715,0.7837895990314535,SW
14,0.03,2.21757619047619,0.8711195866992463,2.2455273809523812,0.798391677982997,SW
15,0.03,2.2418011904761905,0.8832991267210426,2.219013095238095,0.7675026518000603,SW
16,0.03,2.251932142857143,0.9110255217250559,2.255891666666667,0.8005309607751473,SW
17,0.03,2.257169047619048,0.8890806940916983,2.2620845238095235,0.8091407533831372,SW
18,0.03,2.2191619047619042,0.8456844451781802,2.2395071428571427,0.7981750047186371,SW
19,0.03,2.2630714285714286,0.895276879542348,2.2412452380952383,0.7727980098369407,SW
20,0.03,2.246786904761905,0.9118461612395428,2.258159523809524,0.826037985690643,SW
21,0.03,2.2771214285714287,0.894742462278311,2.2435797619047615,0.8012821204140158,SW
22,0.03,2.2387547619047616,0.9010221198060671,2.2259666666666664,0.7525124213196502,SW
23,0.03,2.2473666666666667,0.8899866898925742,2.2435095238095237,0.8046609876989915,SW
24,0.03,2.25850119047619,0.8822658653384703,2.251169047619048,0.7990855066468835,SW
25,0.03,2.208436904761905,0.8611923682383406,2.2073964285714287,0.7965153785980871,SW
26,0.03,2.272914285714286,0.9080341066895916,2.2639559523809525,0.7624061726880087,SW
27,0.03,2.2363162698412697,0.8944110888090973,2.2398821428571427,0.789972117679226,SW
28,0.03,2.237885714285714,0.8601225004247718,2.2351047619047617,0.8049736688275393,SW
29,0.03,2.2770857142857146,0.879743567770753,2.278525,0.7897717112163394,SW
30,0.03,2.264613492063492,0.898883395972989,2.2288460317460324,0.7754640863274542,SW
31,0.03,2.228507142857143,0.8827341240992138,2.2544940476190476,0.7911176277087995,SW
32,0.03,2.2637333333333336,0.8735526227258447,2.2585861111111107,0.7938695527112366,SW
33,0.03,2.2876833333333333,0.9111843918040669,2.247686904761905,0.8142729842285005,SW
34,0.03,2.278579761904762,0.8847624373292453,2.2842869047619043,0.8089777214464986,SW
35,0.03,2.264678571428571,0.8653192488050914,2.2436940476190474,0.8392353723427811,SW
36,0.03,2.2540242063492064,0.8757610647557041,2.233800793650794,0.7805121305449491,SW
37,0.03,2.2802857142857147,0.8922657298434482,2.2568214285714285,0.7754597048374149,SW
38,0.03,2.2602952380952384,0.8728827803368656,2.2505869047619043,0.7969619538846417,SW
39,0.03,2.2559440476190473,0.874330977592163,2.237520238095238,0.7855741142201816,SW
40,0.03,2.2399289682539685,0.8798046552033892,2.2715273809523815,0.7886247990023554,SW
41,0.03,2.2866484126984123,0.894123487037689,2.2549972222222223,0.7850640029232709,SW
42,0.03,2.2594523809523808,0.9005661047124282,2.2460273809523814,0.7705940329334812,SW
43,0.03,2.270467857142857,0.8768048002893085,2.289175,0.7819221660370548,SW
44,0.03,2.257844047619048,0.889993936193482,2.2344753968253968,0.7980110569416528,SW
45,0.03,2.218654761904762,0.8763895519023909,2.2143190476190475,0.8197899695208426,SW
46,0.03,2.283995238095238,0.8799943703953097,2.2752333333333334,0.7894189911034185,SW
47,0.03,2.2595940476190477,0.9006027267486781,2.2646726190476194,0.7676631310592545,SW
48,0.03,2.2087357142857145,0.86871102235274,2.2443964285714286,0.7701132057715919,SW
49,0.03,2.258870238095238,0.863557608170392,2.2113666666666667,0.7786061715853779,SW
50,0.03,2.2482845238095237,0.8669678036145585,2.2623892857142853,0.7700880174601933,SW
51,0.03,2.2524011904761907,0.8557713901559616,2.2808595238095237,0.7809992036595044,SW
52,0.03,2.266830555555556,0.8774294901278251,2.260900793650794,0.8129371373924628,SW
53,0.03,2.2335321428571424,0.9089183639235673,2.213752380952381,0.8137282633926334,SW
54,0.03,2.2482972222222224,0.9059988669353994,2.2425337301587303,0.7964671344076781,SW
55,0.03,2.240296428571429,0.8702243812017901,2.23431626984127,0.7991806849364251,SW
56,0.03,2.215642063492063,0.8997611925687189,2.234319841269841,0.7883263068402014,SW
57,0.03,2.283118650793651,0.9009509780028361,2.267488888888889,0.8174384225007404,SW
58,0.03,2.2347551587301586,0.9072067805033069,2.2158269841269838,0.8155822005153313,SW
59,0.03,2.2512265873015878,0.841865237676139,2.2348912698412695,0.7983600554337904,SW
60,0.03,2.2343150793650794,0.892114063566468,2.2155384920634917,0.7907776205370229,SW
61,0.03,2.266608333333333,0.8933118577025391,2.266707142857143,0.7983307635302964,SW
62,0.03,2.279982142857143,0.8858999715553428,2.2823785714285716,0.8103853143437889,SW
63,0.03,2.2730103174603173,0.8987174562857217,2.2647952380952385,0.7942631626954737,SW
64,0.03,2.2238857142857142,0.854285916600284,2.230772222222222,0.7659852520651623,SW
65,0.03,2.274043253968254,0.869757485870405,2.2241833333333334,0.7836576251984958,SW
66,0.03,2.2537730158730156,0.8918727285665232,2.212747222222222,0.8084996047629417,SW
67,0.03,2.242327380952381,0.8667927081416131,2.2539607142857143,0.7851185945980497,SW
68,0.03,2.2265047619047618,0.8522921477948414,2.2242273809523807,0.757767746959394,SW
69,0.03,2.2669369047619052,0.8989075502134701,2.240061904761905,0.7674508697223829,SW
70,0.03,2.2823273809523807,0.8783234026718875,2.2774023809523816,0.7968586333306589,SW
71,0.03,2.2650642857142858,0.8913492046316672,2.2520249999999997,0.757863180861567,SW
72,0.03,2.2584857142857144,0.8640551424176134,2.2307190476190475,0.7996126219710514,SW
73,0.03,2.297455952380952,0.9141702805903736,2.2767952380952385,0.7857564436164728,SW
74,0.03,2.2802083333333334,0.8375638453132436,2.2565416666666667,0.7824121338080731,SW
75,0.03,2.2556313492063493,0.8881490247942497,2.2376964285714283,0.8093314630045991,SW
76,0.03,2.2270460317460317,0.8686459981652456,2.215863888888889,0.7880784645978509,SW
77,0.03,2.230947619047619,0.8630340782797101,2.2496488095238094,0.756609551223825,SW
78,0.03,2.2722547619047617,0.910994504325043,2.259779761904762,0.7754228737821215,SW
79,0.03,2.2442809523809526,0.8837364306033276,2.2432380952380955,0.774533397317437,SW
80,0.03,2.2394130952380955,0.8899321497861915,2.279945238095238,0.8166839269000683,SW
81,0.03,2.242554365079365,0.8687447380105138,2.235632142857143,0.7920551841493192,SW
82,0.03,2.220219047619048,0.8575297686138698,2.248966666666666,0.7757611383582245,SW
83,0.03,2.2393845238095236,0.8686886767790378,2.2494345238095237,0.8173864221854837,SW
84,0.03,2.2530714285714284,0.8855102920487503,2.2283869047619045,0.7763392248783714,SW
85,0.03,2.2541392857142855,0.8732797419805893,2.2549940476190478,0.7797444608872173,SW
86,0.03,2.3109317460317462,0.8656333761630484,2.287084126984127,0.7891905091231763,SW
87,0.03,2.255521428571429,0.8527232311548966,2.2330333333333328,0.8017739230016416,SW
88,0.03,2.282179365079365,0.8831908589887921,2.3031392857142854,0.783050062067425,SW
89,0.03,2.2352777777777773,0.8882006065412911,2.2333234126984127,0.7969204089443828,SW
90,0.03,2.2263142857142855,0.8663397172277504,2.247675,0.8099574860688341,SW
91,0.03,2.2332642857142857,0.8908840998465571,2.233810714285714,0.8002904077124674,SW
92,0.03,2.264530158730159,0.86849688704349,2.2528,0.7722109143350611,SW
93,0.03,2.2194674603174604,0.873785891351418,2.236234920634921,0.7905621945803013,SW
94,0.03,2.267563095238095,0.8788064661664177,2.264455952380952,0.758174632559434,SW
95,0.03,2.2625261904761906,0.8995891395867106,2.26105,0.7822400483898716,SW
96,0.03,2.26627619047619,0.8707182803403296,2.2374261904761905,0.7865638752275147,SW
97,0.03,2.222250793650794,0.8684706848468736,2.2059357142857143,0.7980214832346819,SW
98,0.03,2.2295964285714285,0.8764931167929563,2.222507142857143,0.8022606073767589,SW
99,0.03,2.249638095238095,0.8929570782040642,2.2211809523809523,0.7961669019351165,SW
0,0.03,2.263566371047254,0.957743298424732,2.252229064176278,0.8797118178678419,ER
1,0.03,2.2704696414696413,0.9661204642477711,2.2635054070929073,0.862939072679276,ER
2,0.03,2.204643276460382,0.9836052849181844,2.1980461217145426,0.9032637826351014,ER
3,0.03,2.234173612498613,0.9569871458825832,2.3051679986679985,0.8611795350729354,ER
4,0.03,2.2897912115662122,0.9465756555439225,2.2512966242091244,0.8733327869353176,ER
5,0.03,2.210112604062604,0.9846229103372065,2.2340716616716616,0.8941009602081684,ER
6,0.03,2.2654659396159396,0.9567685460537918,2.2670623765123765,0.9548109527590563,ER
7,0.03,2.2430239621489623,0.9199736425656719,2.2353942266067266,0.8656479748984172,ER
8,0.03,2.225844842657342,0.9255990097297789,2.2487301642801643,0.8512294254741395,ER
9,0.03,2.245371162171162,0.9202874578938436,2.2016214063714066,0.8730851101089323,ER
10,0.03,2.2223500083250083,0.9199676824571846,2.2190735958485956,0.8650396625452889,ER
11,0.03,2.2922382783882784,1.0143598534263767,2.270408197358198,0.8292021712682346,ER
12,0.03,2.2808948051948055,0.9699640535178078,2.2270577644577645,0.8555899237623994,ER
13,0.03,2.254720951270951,0.9436876204882735,2.2431535631035633,0.8794571154968124,ER
14,0.03,2.233588725163725,0.9596051282160238,2.258601420801421,0.85788877864845,ER
15,0.03,2.2322470862470865,0.9412815361657326,2.2139035991785994,0.834708946037866,ER
16,0.03,2.252157725607726,0.9548879143899245,2.266795004995005,0.8767674123923698,ER
17,0.03,2.2384953102453102,0.9126816368285308,2.234942612942613,0.8335617815855865,ER
18,0.03,2.2209502220002224,1.0117184292533181,2.2504905205905206,0.9011658811296421,ER
19,0.03,2.22782089387221,0.988538984447191,2.1979483582937527,0.8953879172743576,ER
20,0.03,2.28723025030525,0.9659510771001123,2.267029464979465,0.8567434929981577,ER
21,0.03,2.21442155752744,0.9304382900738339,2.21651262756851,0.8651357862024526,ER
22,0.03,2.264807839382839,0.9813885535845325,2.2638287323787325,0.8969918879133966,ER
23,0.03,2.1990167832167837,0.9903747856522263,2.2771986707736707,0.8862177424053892,ER
24,0.03,2.2780956848706846,0.9423673018878098,2.2670427933177932,0.8471415205614999,ER
25,0.03,2.1883216117216118,0.9109672666988061,2.2256215645465645,0.8453902309665827,ER
26,0.03,2.2503830586080587,0.9590160175449022,2.251094144744145,0.846587133669429,ER
27,0.03,2.23524222819664,0.9469412037581004,2.2493653806977334,0.8917019906661358,ER
28,0.03,2.2430442209836947,0.9666010927713519,2.2641911432135116,0.8838822078836667,ER
29,0.03,2.2553587347293234,0.955086437862038,2.250638413873708,0.855709479227132,ER
30,0.03,2.255599306249306,0.9344549533230849,2.234213061938062,0.8800815154626206,ER
31,0.03,2.284327758352758,0.9915058631898186,2.234804378954379,0.9007803855773044,ER
32,0.03,2.250792044067044,0.9484310864040296,2.2379706876456877,0.8454810356579916,ER
33,0.03,2.250336931695755,0.9493081058624392,2.21650555792247,0.8942710807024454,ER
34,0.03,2.2135593697968696,0.9516147469503428,2.2003991119991118,0.8839783587786767,ER
35,0.03,2.2380081252081254,0.965784008430961,2.2089199633699637,0.8453050276236773,ER
36,0.03,2.2638421772671773,0.9447386761812421,2.2461564185814185,0.8583629217783783,ER
37,0.03,2.24373166000666,0.9234141310445577,2.2643526279276274,0.8845853783880823,ER
38,0.03,2.225800133200133,0.9178494511906324,2.2561619477744475,0.8939220286422266,ER
39,0.03,2.266896631146631,0.9595235453314735,2.262546237096237,0.8545521719685768,ER
40,0.03,2.2558952762923354,0.9213694702244402,2.24180739342357,0.8401549605058738,ER
41,0.03,2.2401179334554335,0.9510477423078879,2.245872877122877,0.8560153141398741,ER
42,0.03,2.2384567377067377,0.9939014187884614,2.2405262931512935,0.8649363151311914,ER
43,0.03,2.227816075591076,0.9351062117700025,2.2276401209901215,0.8372282100717616,ER
44,0.03,2.230575806138306,0.9522500532503317,2.227456643356643,0.9127841188799363,ER
45,0.03,2.2316603396603396,0.9200226867476404,2.2454700493950495,0.8798985297744459,ER
46,0.03,2.1601926406926406,0.9491315137082798,2.2094214785214787,0.861501132750037,ER
47,0.03,2.249451612276612,0.9877138383538254,2.2756928654678656,0.8414187735087839,ER
48,0.03,2.2080389443889445,0.8939714231026907,2.246827555777556,0.9182292439175583,ER
49,0.03,2.258015576090576,0.9623637572423189,2.235227991452992,0.8577944661365529,ER
50,0.03,2.2504905122655123,0.9381347946152528,2.2825300865800866,0.8330899188039582,ER
51,0.03,2.2837501123876125,0.9220071408975536,2.2920295440670437,0.8410459701830475,ER
52,0.03,2.2752686566701272,0.988966675465181,2.2642843277637392,0.9304602046390434,ER
53,0.03,2.2936592463092462,0.9532700251664473,2.2549105477855473,0.8610096603972934,ER
54,0.03,2.271004881229881,0.9548843531539478,2.2806262293262294,0.875781200923811,ER
55,0.03,2.252156776556776,0.9561974736906177,2.1883374625374628,0.8555706304631139,ER
56,0.03,2.272245997058497,0.9128327309589659,2.291010178710179,0.8527541786435545,ER
57,0.03,2.300699435286935,0.9941883659269852,2.262751196026196,0.8861234406626914,ER
58,0.03,2.2079527056277057,0.9565643340814829,2.262156543456544,0.8921771832413126,ER
59,0.03,2.2611271145521146,0.9469207388323397,2.2947242923742923,0.8806139675867193,ER
60,0.03,2.261721295371295,0.9756881527629563,2.283544164169164,0.8610149742398425,ER
61,0.03,2.2682025807525807,0.9496527012710883,2.237771065046065,0.8842134715527892,ER
62,0.03,2.240586005661006,0.9838537982290437,2.2400513403263402,0.8688300777371233,ER
63,0.03,2.2516470557220556,0.9459573776119279,2.2692882145632143,0.8815976094595415,ER
64,0.03,2.263334910922411,0.936898448165459,2.2346438436563436,0.8818818851592319,ER
65,0.03,2.255921223221223,0.9920339054821853,2.276322777222777,0.8975276081336439,ER
66,0.03,2.195961419136419,0.9589842640714079,2.1833039765789763,0.8756520100955841,ER
67,0.03,2.2436148448773445,0.9085425590367118,2.2370382978132977,0.8313294271424603,ER
68,0.03,2.2144562520812525,0.9711911926410731,2.221206934731935,0.872350140798237,ER
69,0.03,2.241894619269619,0.9683584342790601,2.23081656954157,0.8906017010350726,ER
70,0.03,2.2569424963924964,0.9639200321426931,2.236643838106338,0.929008729965454,ER
71,0.03,2.170588644198938,0.9548583432862899,2.2399492830698713,0.9040337959174345,ER
72,0.03,2.2550194499944496,0.9479327399897047,2.272908460983461,0.8737176196587744,ER
73,0.03,2.2554818514818513,0.9585001017106266,2.26735646020646,0.8512590015789906,ER
74,0.03,2.25839902042402,0.9748701286721406,2.249002694527695,0.8661124377180504,ER
75,0.03,2.265528557553558,1.0010509126063338,2.2433067765567767,0.8751262212660843,ER
76,0.03,2.2345770006137653,0.9380355077788748,2.2472279750478283,0.8729638398263164,ER
77,0.03,2.20105767982018,0.9207869080922897,2.2012972347097346,0.8160885261916319,ER
78,0.03,2.2981207348207344,0.958320166162062,2.3018104284604286,0.8463517711304197,ER
79,0.03,2.24002664002664,0.9542229067458186,2.205761255411255,0.8665793288280986,ER
80,0.03,2.274722752002899,0.9052827921239148,2.2842459881621644,0.9111549706154377,ER
81,0.03,2.2679619547119545,0.9478873283620971,2.267666611166611,0.8819579251133062,ER
82,0.03,2.2206748182373186,0.9201725393152907,2.208092930680431,0.8140454324407423,ER
83,0.03,2.2831182373182375,0.9213876821912022,2.2185726523476523,0.8588266399507115,ER
84,0.03,2.251527994227994,0.9547249109120987,2.2547423826173825,0.8867614023854894,ER
85,0.03,2.256475024975025,0.9808156913699045,2.2257284867909872,0.8584252012538657,ER
86,0.03,2.2391939134395016,0.9221885301828945,2.230831177156177,0.8733662199088529,ER
87,0.03,2.2490910173160175,0.9679774945964511,2.236798280885781,0.8456601870054703,ER
88,0.03,2.3194041874791873,0.9394916646804857,2.2762345460095457,0.8893729138359321,ER
89,0.03,2.2702516222339755,0.9547156454511171,2.2656536914066328,0.8636424011753941,ER
90,0.03,2.2267774239649243,0.9206682796268845,2.243962228049728,0.8827837959229945,ER
91,0.03,2.243721597846598,0.9713007740196298,2.235522313797314,0.9193104280279583,ER
92,0.03,2.24049377011877,0.9731956480929409,2.257479551004551,0.9027599887175372,ER
93,0.03,2.2381077491952492,0.9539750759834236,2.253513313075813,0.8744499327892876,ER
94,0.03,2.257345315795316,0.9796094164366183,2.2452898781773785,0.8827060478542952,ER
95,0.03,2.2156903374403374,0.9232074125817479,2.2300409368409366,0.8484628793440573,ER
96,0.03,2.221254761904762,0.9510654413332911,2.260764309301809,0.8829695750598191,ER
97,0.03,2.218822378928261,0.935864753598454,2.2483967862203156,0.8764194171670759,ER
98,0.03,2.24393407009657,0.9591053193957619,2.25895763958264,0.8978583599619746,ER
99,0.03,2.265823208735709,0.9593961869747019,2.2671524614274614,0.869153438955261,ER
0,0.01,2.234794113931104,1.0079089909518535,2.2302434166048406,0.9368400607491655,BA
1,0.01,2.2313218422225862,0.9963196571107207,2.248041763172448,0.9294868349949318,BA
2,0.01,2.2533764134826346,1.0375532294129615,2.2648004035782767,0.9283894880373051,BA
3,0.01,2.2771002197399586,0.9642569756309832,2.229182527950368,0.9294040064852274,BA
4,0.01,2.214437441774335,1.0178839526577912,2.223558323317314,0.9620633097270629,BA
5,0.01,2.3053947186880372,0.9928056078025465,2.242865506792494,0.9211700902452334,BA
6,0.01,2.2471613690342154,1.0053000278904218,2.1985467709111015,0.9110978241800288,BA
7,0.01,2.2808656261428495,1.0255670787186144,2.2514723083140145,0.9377617462345172,BA
8,0.01,2.2724366661925557,0.9596650307872185,2.2519746145705732,0.9478526613445138,BA
9,0.01,2.2661208650637494,1.0320761926984796,2.200298549987634,0.9343371292752084,BA
10,0.01,2.268263163867375,0.9784539516302704,2.280286653834185,0.873270206531004,BA
11,0.01,2.152706683027081,0.9817561660959346,2.2443434081890583,0.9165920988093281,BA
12,0.01,2.2547290165996055,0.9595002562279238,2.2844907740824576,0.97082593404539,BA
13,0.01,2.2311298491919542,0.9769905132305037,2.223119497457012,0.9280981958934333,BA
14,0.01,2.2031000334469524,1.0349133106694044,2.2371327217681167,0.9332441889291203,BA
15,0.01,2.293944913215165,0.985531989012782,2.2737231859074583,0.933332571602233,BA
16,0.01,2.1509399625003747,1.0103441271330422,2.2125576888437646,0.9274244585257327,BA
17,0.01,2.2701834927673987,0.9963344292427717,2.2178131505554295,0.929435853901988,BA
18,0.01,2.3599005800674466,1.02820646424655,2.294080791407893,0.9410482919705581,BA
19,0.01,2.2782940316149296,1.0102853441904855,2.245320965299082,0.9269804996764491,BA
20,0.01,2.2698570661839366,0.9669404200829792,2.237695502691339,0.8934523502481287,BA
21,0.01,2.259288301677152,1.0135048154523527,2.2086639917989634,0.9494804643066195,BA
22,0.01,2.217839223019699,0.9869599036065878,2.217333631718887,0.9514193577755636,BA
23,0.01,2.1848645693320785,0.9866440861613909,2.207228036758469,0.9147762626663801,BA
24,0.01,2.3533304082845614,0.9966054899542457,2.2559794061620853,0.9106246173498592,BA
25,0.01,2.225424625229721,1.0063421548401945,2.2143299955317226,0.9943265189370742,BA
26,0.01,2.284767654924416,1.0497829975537936,2.253350065765256,0.9400315561900398,BA
27,0.01,2.286901062906625,1.0166312652980607,2.2176274395579005,0.9517797259087413,BA
28,0.01,2.162443176393387,1.0226985556485073,2.2235729135253433,0.949774829192178,BA
29,0.01,2.241706328958344,1.0196327109404517,2.2161784449808617,0.9310371497475105,BA
30,0.01,2.2280356117322597,0.9646227015949587,2.255143892321474,0.9289043410606457,BA
31,0.01,2.2551396515210462,0.979441974810443,2.236816321738138,0.9502607725058821,BA
32,0.01,2.190928738839274,1.0085031037282124,2.2569500658697,0.9361082770129723,BA
33,0.01,2.318405533135604,1.0367274435603042,2.208648303736785,0.9178331923422202,BA
34,0.01,2.2581192242231913,0.9947917364740197,2.206736483417589,0.9176194985291501,BA
35,0.01,2.1889379185489815,1.0216239607779358,2.2440214477634797,0.9480932971531709,BA
36,0.01,2.2799644285109237,1.0016471297484546,2.2926110256234553,0.9292722079331848,BA
37,0.01,2.2544065401649487,0.9952074236350407,2.278579227927101,0.9406452036083226,BA
38,0.01,2.1113439251694968,0.9980131626673534,2.212464768562146,0.9236423911847468,BA
39,0.01,2.2708116236020004,1.0370862464257329,2.2638774461839204,0.9107489091347789,BA
40,0.01,2.2439914097573808,1.0148284106800782,2.2942437813425123,0.972488844008583,BA
41,0.01,2.3519505709301667,0.9895501028028174,2.30508771135307,0.9217590809615896,BA
42,0.01,2.2278640661540265,0.9739550703222265,2.282311942363056,0.9547870236467666,BA
43,0.01,2.2992843896293063,1.0221684377670837,2.2994778967223675,0.9103964996040834,BA
44,0.01,2.232956628452282,1.0061933470048354,2.2226965497109696,0.9705610435537675,BA
45,0.01,2.1754103606572444,0.9795711524789464,2.247065013702435,0.9416860987476896,BA
46,0.01,2.2945914306114656,1.0357884365646108,2.240891779531151,0.8966305036185799,BA
47,0.01,2.219471619335508,1.0065517472234307,2.1749555414028023,0.9289899358545334,BA
48,0.01,2.2650782638654565,1.0079090488269737,2.2344345890870474,0.9277484911589209,BA
49,0.01,2.231374908911777,1.0271974453757546,2.2452864883463333,0.8971978799260101,BA
50,0.01,2.2273158268310937,1.0002962432567652,2.28254915952818,0.948710953246295,BA
51,0.01,2.229056333545337,1.0004667562218497,2.2784020419618756,0.9139063866859559,BA
52,0.01,2.25911916979423,1.0105407210796011,2.2523033734645277,0.9100950547422058,BA
53,0.01,2.281806469078647,1.0265741966370834,2.269683293178082,0.9204580282451551,BA
54,0.01,2.2804336875979354,1.0201497991548423,2.218975144694491,0.903296358720351,BA
55,0.01,2.253977404773177,1.017967438511239,2.220074992347583,0.9352141370601111,BA
56,0.01,2.2498015326773158,0.9849163219600334,2.251866694583908,0.9410166631019855,BA
57,0.01,2.2226776819955143,1.0150273231160039,2.2023726708565134,0.9338055896852199,BA
58,0.01,2.2455597199715984,1.0187722292915093,2.210660046400179,0.9065199198714005,BA
59,0.01,2.259744928327619,1.0394925464040412,2.2743492061342296,0.9264297520142819,BA
60,0.01,2.1901163064516167,1.0084608200788931,2.1920365161610507,0.9312455734900751,BA
61,0.01,2.227441349977219,1.0062700489008052,2.252906371789404,0.925593991119304,BA
62,0.01,2.245987535778408,1.0246039092563852,2.2329834573623115,0.9297067507071195,BA
63,0.01,2.2585459720585916,1.0374700257744072,2.3056724824676893,0.9270077976890947,BA
64,0.01,2.170278827064055,1.023052743199292,2.243851167021091,0.94503265725898,BA
65,0.01,2.1974353690116697,0.9901864047470699,2.249756205194442,0.957194921676303,BA
66,0.01,2.2483461383114456,1.0043333721826737,2.2993155804766063,0.9239169437673651,BA
67,0.01,2.337944072971875,1.0286942647077515,2.2632913551025933,0.9326529242167787,BA
68,0.01,2.1711362805493506,1.0069148001101997,2.169789977376405,0.9228880763341892,BA
69,0.01,2.270719461641419,1.0165240161215543,2.271736619055477,0.8894829077239601,BA
70,0.01,2.3432591845372137,1.0402427098538032,2.2873290572779292,0.9066502082637803,BA
71,0.01,2.2637785088858835,1.0369638870448021,2.234162705145677,0.9211687805288502,BA
72,0.01,2.3574995124047073,0.9591687759634583,2.2574581453207005,0.9356678551166696,BA
73,0.01,2.2444768667329575,0.9791796658252148,2.252089256811406,0.9398693097636271,BA
74,0.01,2.265944478199846,1.0381679897220952,2.293119221744887,0.9639754273700235,BA
75,0.01,2.18863425681828,0.9968572910605863,2.221116138070275,0.9096866962342119,BA
76,0.01,2.2689730429767248,1.0340433565320621,2.242736513180962,0.9241506903692466,BA
77,0.01,2.2661459966118964,0.9946476530778366,2.220586547852891,0.9081174772837328,BA
78,0.01,2.2426003569036066,0.9875633900134336,2.2450401693939783,0.9550797617843876,BA
79,0.01,2.2231272391480816,1.0435290819868397,2.25874931486327,0.9085308888873264,BA
80,0.01,2.2945680455265394,1.0123919897261502,2.270872025803824,0.9233358033555736,BA
81,0.01,2.238389059293024,1.0082256489009778,2.2538624734541006,0.9633094641576133,BA
82,0.01,2.1499752421324834,1.0139636759855442,2.20577731660916,0.9732169342376017,BA
83,0.01,2.172840328328125,1.0261999757178542,2.270716641073762,0.9061074230380892,BA
84,0.01,2.2059579689504516,1.0202055167069828,2.207896137392254,0.9035141527811512,BA
85,0.01,2.367275487537174,1.0427775378642488,2.2157038281745143,0.950674986723418,BA
86,0.01,2.2608512281919833,1.012855779666995,2.2724736557067597,0.9340979986807656,BA
87,0.01,2.241572824346319,0.9808203685370199,2.2602712913995506,0.9373681959150824,BA
88,0.01,2.2194057860249283,1.007034876041707,2.2206165153130386,0.9281965363303505,BA
89,0.01,2.2642603584735426,1.0054221491624116,2.207919391310532,0.8841323255269125,BA
90,0.01,2.1529071349854676,0.9695690456146372,2.2625233503961675,0.9294714079043687,BA
91,0.01,2.2975396543365014,0.9877581562988953,2.2658645663096393,0.9229466910190461,BA
92,0.01,2.1820858460374737,1.0481767016497299,2.1470556242146746,0.9158231022566775,BA
93,0.01,2.383813076783691,1.059108491435552,2.2727751806931136,0.9171662253208307,BA
94,0.01,2.29766028698487,1.0127064299547972,2.281047150781919,0.929182958942116,BA
95,0.01,2.2261180007483694,1.0188639510177935,2.2317006052646606,0.9609458261678785,BA
96,0.01,2.308311263497615,1.0170882756982025,2.245291886381109,0.9469538623252792,BA
97,0.01,2.2836370499918313,1.025886373108521,2.2603282505814923,0.9487720022551962,BA
98,0.01,2.258674972811359,0.996055976136107,2.2212494631062776,0.9340909138667431,BA
99,0.01,2.300894995558916,1.012105410160864,2.2506429531911456,0.9282237186896485,BA
0,0.05,2.226792857142857,0.8503779054917444,2.2220547619047615,0.7922937449542631,SW
1,0.05,2.2521384920634917,0.8906861563567533,2.2779265873015873,0.7932479487903575,SW
2,0.05,2.2634416666666666,0.906334803146943,2.2693214285714283,0.7732538454449902,SW
3,0.05,2.2671297619047617,0.8797096669836724,2.269486904761905,0.7649729468848574,SW
4,0.05,2.256928571428571,0.9074656684097772,2.272313095238095,0.7929553465485292,SW
5,0.05,2.262539285714286,0.9024319505244597,2.249888095238095,0.8222852978498952,SW
6,0.05,2.245346428571429,0.8722647649538462,2.2621809523809526,0.764665374637866,SW
7,0.05,2.207232936507937,0.8747325217879828,2.2207234126984123,0.8021246599056889,SW
8,0.05,2.268788095238095,0.9028630940223545,2.275536904761905,0.7724790206213824,SW
9,0.05,2.267589285714285,0.8483053070419275,2.2801452380952383,0.8148731749567979,SW
10,0.05,2.273111507936508,0.8689459896470855,2.279677380952381,0.7861989630276187,SW
11,0.05,2.214334523809524,0.9039820960545871,2.233895238095238,0.7913469451201668,SW
12,0.05,2.225767857142857,0.8772244844772535,2.2258904761904765,0.7664492505383469,SW
13,0.05,2.2501214285714286,0.8696452573188089,2.2759166666666664,0.7896092430189744,SW
14,0.05,2.267431746031746,0.8873836052276988,2.259978571428572,0.796825287410272,SW
15,0.05,2.261888095238095,0.9083804033582051,2.2989690476190474,0.8021061173051651,SW
16,0.05,2.241140079365079,0.8407068901187054,2.257688095238095,0.7803192666664325,SW
17,0.05,2.2280468253968255,0.9040774418006815,2.20255,0.7767935137685431,SW
18,0.05,2.2975940476190475,0.8752958558449558,2.3189809523809526,0.7529031141501887,SW
19,0.05,2.2445690476190476,0.8727259810365395,2.2320011904761903,0.805180029128252,SW
20,0.05,2.232835714285714,0.8876531081211527,2.2266749999999997,0.8312240988335071,SW
21,0.05,2.304440476190476,0.8600943439358972,2.2421678571428574,0.7646297417369378,SW
22,0.05,2.226345238095238,0.898881103346552,2.2093845238095238,0.7721989019341082,SW
23,0.05,2.225360317460318,0.8835588074105103,2.244596825396825,0.7867886578516246,SW
24,0.05,2.2462119047619047,0.8673080068113855,2.2224595238095235,0.7819344471592201,SW
25,0.05,2.257046428571429,0.8886769418474701,2.240970238095238,0.8071436075770847,SW
26,0.05,2.2273039682539686,0.8522969594790235,2.2154329365079364,0.7986694736752773,SW
27,0.05,2.278821031746032,0.8573737311567491,2.2659285714285713,0.7589782444995262,SW
28,0.05,2.221586507936508,0.8338311196166728,2.2450892857142857,0.806569503634742,SW
29,0.05,2.2669817460317465,0.8823506448975637,2.25375,0.7973243666638208,SW
30,0.05,2.2621964285714284,0.882761646745354,2.2773761904761907,0.8096768430141612,SW
31,0.05,2.2211345238095235,0.9000559317394413,2.190772619047619,0.8051421887838076,SW
32,0.05,2.1997714285714287,0.8762381466198768,2.2075845238095235,0.7933128707407541,SW
33,0.05,2.2845190476190473,0.8758789333423974,2.2714928571428574,0.7917557478381158,SW
34,0.05,2.250421428571429,0.8775823851958986,2.233715476190476,0.7810842331701318,SW
35,0.05,2.2476833333333333,0.8983893838956313,2.2210619047619047,0.7822722705286793,SW
36,0.05,2.2668607142857145,0.862069351253404,2.251841666666666,0.7740750970930572,SW
37,0.05,2.2096678571428576,0.8825956346842319,2.197963095238095,0.7693506603649761,SW
38,0.05,2.2221261904761906,0.8639414953100667,2.238577380952381,0.8166227453958789,SW
39,0.05,2.294680158730159,0.9010039763165568,2.273861904761905,0.7787739306915175,SW
40,0.05,2.279601190476191,0.8833517315942732,2.275529761904762,0.8175023863014469,SW
41,0.05,2.2484464285714285,0.8893045401645675,2.198795238095238,0.753144481340229,SW
42,0.05,2.2911690476190474,0.8874391033976523,2.2548869047619045,0.7925945135374955,SW
43,0.05,2.219489285714286,0.8883172815098038,2.2231607142857146,0.7622960137306263,SW
44,0.05,2.2426011904761904,0.87042899246116,2.2583964285714284,0.780169817143261,SW
45,0.05,2.2889761904761907,0.8972484614220931,2.2730238095238096,0.7953206424777506,SW
46,0.05,2.2089273809523813,0.9069257379831437,2.2025761904761905,0.7791266851977935,SW
47,0.05,2.2645809523809524,0.8667184463338827,2.2490214285714285,0.7957529310063616,SW
48,0.05,2.287917063492064,0.8564564020208225,2.2767853174603174,0.8142472820379673,SW
49,0.05,2.3000011904761903,0.9067486293414739,2.277814285714286,0.7699333461889387,SW
50,0.05,2.2695650793650795,0.8733040303283588,2.2483349206349206,0.795100426055242,SW
51,0.05,2.2729285714285714,0.9207188037866169,2.2434214285714287,0.800932544736959,SW
52,0.05,2.2715249999999996,0.8669447130831357,2.3049488095238093,0.7558487090057191,SW
53,0.05,2.2415261904761907,0.8854117187344742,2.253476984126984,0.7746834748658052,SW
54,0.05,2.2461678571428574,0.8892152686439388,2.2566500000000005,0.8028060381372417,SW
55,0.05,2.2440845238095233,0.8646454911997734,2.233477380952381,0.78208610031712,SW
56,0.05,2.237751984126984,0.8886730808015334,2.226831349206349,0.7934402269056267,SW
57,0.05,2.251898809523809,0.8900847520850329,2.2559583333333335,0.8141183942678141,SW
58,0.05,2.2562309523809527,0.8862639193582439,2.274554365079365,0.779212188381568,SW
59,0.05,2.2725273809523814,0.8762753509867102,2.2337666666666665,0.7937175614311826,SW
60,0.05,2.2339249999999997,0.9088157443857807,2.257317857142857,0.7706495454653953,SW
61,0.05,2.251729761904762,0.8873032708014774,2.268017857142857,0.8193785571512215,SW
62,0.05,2.240847619047619,0.8971911941785679,2.2528702380952383,0.8153804445694892,SW
63,0.05,2.2576750000000003,0.8798676407164823,2.2493059523809524,0.8024063539067758,SW
64,0.05,2.2453392857142855,0.8736133000898171,2.250435714285714,0.7499059389656267,SW
65,0.05,2.238781746031746,0.8951770136256483,2.2570857142857146,0.7816103986826162,SW
66,0.05,2.280980158730159,0.911587728184868,2.2733408730158735,0.7686277877012705,SW
67,0.05,2.2502273809523814,0.8585494399032707,2.277803571428571,0.8117545638327786,SW
68,0.05,2.261111904761905,0.8804080947649586,2.279640476190476,0.7947884257572496,SW
69,0.05,2.248414285714286,0.8975182239194777,2.2457690476190475,0.8206125148299074,SW
70,0.05,2.185997619047619,0.8534214596919928,2.1772488095238094,0.792975774657457,SW
71,0.05,2.2448055555555557,0.8734970342424238,2.2395837301587305,0.7884303884818088,SW
72,0.05,2.2033849206349205,0.8654673979652066,2.2184833333333334,0.7781986956191302,SW
73,0.05,2.2857809523809522,0.8675867719024105,2.258827380952381,0.7623884892765297,SW
74,0.05,2.2384083333333336,0.9072174289988637,2.2219761904761905,0.7921337776971181,SW
75,0.05,2.229220238095238,0.8734116130265029,2.224304761904762,0.8079107431588991,SW
76,0.05,2.241435714285714,0.8619745189839146,2.240844047619048,0.8016839893038066,SW
77,0.05,2.259161904761905,0.8836443118238209,2.2520476190476186,0.7800600498717363,SW
78,0.05,2.2648321428571427,0.8597849345458736,2.2470464285714282,0.7800859501519259,SW
79,0.05,2.22352619047619,0.8858985354281246,2.223063888888889,0.8077194648320511,SW
80,0.05,2.264910714285714,0.8729013879095713,2.2697190476190476,0.776261748027846,SW
81,0.05,2.218927380952381,0.8964978399208275,2.23747380952381,0.7724003409689983,SW
82,0.05,2.2761059523809526,0.8929103523502142,2.2795535714285715,0.7996842386116182,SW
83,0.05,2.2521027777777776,0.8671911494415661,2.2621746031746035,0.7730285818762339,SW
84,0.05,2.2897988095238095,0.9029886658577266,2.249159523809524,0.8269570698735408,SW
85,0.05,2.260486904761905,0.8825597454281967,2.2534916666666667,0.7845527024369218,SW
86,0.05,2.236322222222222,0.8869371366712815,2.2233452380952383,0.7970294052757085,SW
87,0.05,2.224664285714286,0.8546722300718615,2.2468488095238093,0.7837930627276493,SW
88,0.05,2.258097619047619,0.9164211798654021,2.2468119047619046,0.7960879515009277,SW
89,0.05,2.2303670634920634,0.9080766605474085,2.220680555555555,0.7712743329804125,SW
90,0.05,2.288217857142857,0.8606715859056988,2.2691523809523804,0.8062042251380139,SW
91,0.05,2.2183988095238094,0.8798229874205346,2.2349309523809526,0.7873422123859243,SW
92,0.05,2.236441666666667,0.8889270087410613,2.227502380952381,0.7804087353509173,SW
93,0.05,2.225652777777778,0.8836619811563342,2.220588888888889,0.7959756704663158,SW
94,0.05,2.249945238095238,0.8912386663401777,2.2570738095238094,0.8112898249329166,SW
95,0.05,2.2701281746031747,0.8571964954438999,2.261547619047619,0.7859989185021957,SW
96,0.05,2.2159916666666666,0.8848969727421363,2.1894,0.7891518980724131,SW
97,0.05,2.2398654761904764,0.8800245708077362,2.2083000000000004,0.765732974792654,SW
98,0.05,2.265508333333333,0.8645956041838825,2.2325559523809524,0.7680993018052451,SW
99,0.05,2.2456059523809526,0.8829246002113922,2.2776726190476193,0.7823438396689595,SW
0,0.0,2.3465279217444497,0.9928462021421877,2.3674574184069788,0.9831469279195906,BA
1,0.0,2.168403830344321,1.0151902156385102,2.1624620452471763,1.006183632892949,BA
2,0.0,2.2409299082713754,1.0268047200363923,2.2398718533001527,0.9720946237248388,BA
3,0.0,2.274473809916868,1.0484799163113347,2.2218338871717944,0.9974534320578136,BA
4,0.0,2.3916106268274673,1.0005781686266912,2.371339015956607,0.9741171931584667,BA
5,0.0,2.283136893474673,1.0111283909287327,2.2484064048739665,0.996798141510352,BA
6,0.0,2.259657652215251,0.9898969972988626,2.247714202756414,0.9937922938787656,BA
7,0.0,2.2491696607271177,1.0400791370439109,2.2236601136956016,1.0248007877565832,BA
8,0.0,2.2110363907378376,1.0047820861818855,2.21717487248213,0.9968226966301242,BA
9,0.0,2.247269839969672,1.0276799328502564,2.2614478300509044,1.0178894949288286,BA
10,0.0,2.182048407302311,1.0303733212835502,2.1565181366973003,1.0071821403843848,BA
11,0.0,2.3213108785857983,1.0219596649059846,2.312185468326993,1.0218310245645097,BA
12,0.0,2.332195375925469,1.0277017988375745,2.289258964209047,0.9976699014518887,BA
13,0.0,2.24689783962174,1.004564346097228,2.252658659960355,0.9687891241528706,BA
14,0.0,2.2012533761040416,0.9482802166922202,2.1831973810190783,0.9897416936299697,BA
15,0.0,2.1144713455897532,0.9858399114613456,2.149318547515406,1.0204359582316977,BA
16,0.0,2.182198006657318,0.961407893494332,2.198488640934221,0.9929762435113156,BA
17,0.0,2.2291008272558894,0.9890846241170612,2.195940077855035,0.995178543998614,BA
18,0.0,2.263574808226132,1.0195749048289093,2.2824359602950177,1.0002123273575543,BA
19,0.0,2.284992516896828,0.9729007359177201,2.302441321862657,1.0013334070763313,BA
20,0.0,2.3079572199221055,1.0222419799362978,2.261885446007699,1.0318141951795792,BA
21,0.0,2.2233228056963332,1.01604446542709,2.239949722461734,1.0208317567828267,BA
22,0.0,2.257247540770803,1.023758780287545,2.241698989581536,1.0042808488026658,BA
23,0.0,2.2347420143309855,1.0318046517272739,2.269712666842822,1.0187117487623878,BA
24,0.0,2.252223228246679,1.0300682304023874,2.2337883890075125,0.9903082726183865,BA
25,0.0,2.2870907769696305,1.0129903941391265,2.302529221859954,1.0242543677061269,BA
26,0.0,2.243904145675907,1.0480520539447855,2.203938239059304,1.020128877455415,BA
27,0.0,2.2825400279066415,1.0359170735069743,2.2856042566415673,1.001623082850584,BA
28,0.0,2.3117007001873553,0.9895249265442542,2.308452281396274,0.9948685246335103,BA
29,0.0,2.271925513570409,1.0118914456222716,2.2284055875191613,0.9842762009369064,BA
30,0.0,2.250035960319089,1.024868321630035,2.223714191695946,0.9854331131020887,BA
31,0.0,2.2632856534638597,0.9930216239487034,2.2936153033363205,1.0293729560328526,BA
32,0.0,2.287549659847356,0.9843119615132258,2.3219987057244857,1.0222274271091947,BA
33,0.0,2.349629618206287,0.9855933419233825,2.3298203524603576,0.9997937881252894,BA
34,0.0,2.1561874059088404,0.9997476795553021,2.155076466798503,0.9888310963743292,BA
35,0.0,2.234304669011845,1.0219315123820298,2.223125292644908,1.0008135582776208,BA
36,0.0,2.2547173767176165,1.0046465690932391,2.2879033842394283,0.9959803557400158,BA
37,0.0,2.1541375257303175,1.0083543249808655,2.200374070704959,0.9940540050504718,BA
38,0.0,2.208191365868917,0.9988769461760711,2.2256021321405672,0.991259914957074,BA
39,0.0,2.2181760714931635,1.0276714466015342,2.1999342792515635,1.0119482487674032,BA
40,0.0,2.2309299025909657,0.9762278769415785,2.1768353123425843,0.988011244928921,BA
41,0.0,2.2521212079607564,1.0298539566950708,2.2352428668721713,1.0148315915467214,BA
42,0.0,2.287631535727797,1.0035140834543452,2.2770270833648873,1.0337135322208246,BA
43,0.0,2.2324646945398543,0.993185629595486,2.2488359687898964,1.0029442350115605,BA
44,0.0,2.2716942520828587,1.0406577841886555,2.2083009118411105,1.0083579458645568,BA
45,0.0,2.22858071775215,1.0133998103384285,2.238652535637279,0.9954850401693046,BA
46,0.0,2.2295134785868713,1.0092661841918835,2.2248068988784473,0.9656401812072734,BA
47,0.0,2.2356661660028165,1.003987725233468,2.2662154386421802,1.0023072455179085,BA
48,0.0,2.2752974133867134,1.0276427627080131,2.2922008411404295,1.0549081903316069,BA
49,0.0,2.146998550557265,1.0295371716860473,2.1587235570827743,0.9950069326352143,BA
50,0.0,2.2427351225134764,1.0381108378407833,2.1866363053606306,1.0197087592291045,BA
51,0.0,2.265670029589307,1.0032087778522119,2.2554244900844673,1.003511336041095,BA
52,0.0,2.2740229555292863,0.9962571981746067,2.2598788466802433,0.9933030297878459,BA
53,0.0,2.2223109587579906,1.0230023693658599,2.2326558678851423,1.0059317706796604,BA
54,0.0,2.3757468928084364,1.0452009142086633,2.3542373498426983,1.0342000069891646,BA
55,0.0,2.250577467633796,0.9971781569226789,2.3001193198462486,1.0251808268695792,BA
56,0.0,2.2880149892294717,0.9632782196528724,2.3166958912587536,0.9577007669463314,BA
57,0.0,2.176188528110353,1.0081991527434846,2.172551587846668,1.008275660579268,BA
58,0.0,2.1921996697616977,0.9797942739102232,2.1917283208240463,1.007005902317455,BA
59,0.0,2.2089894064375977,1.0158944179714426,2.2166650258655256,1.0224757965141167,BA
60,0.0,2.312915050752274,1.0287621829631597,2.3271021852224787,1.0375762036963365,BA
61,0.0,2.2563219470337135,1.0100894482900096,2.2576292369067015,1.0057570961841569,BA
62,0.0,2.230266890783748,0.9522940905092375,2.2083009623678134,0.9633291786157541,BA
63,0.0,2.1805686299286418,0.9854876673688204,2.1591715122917576,1.001830250143922,BA
64,0.0,2.2350983557489936,1.0043732398930398,2.198986207184166,1.0212942474890425,BA
65,0.0,2.2318982647117753,0.9751312251321482,2.2411908078465723,1.025917180185957,BA
66,0.0,2.2777295256721946,0.9840384300655403,2.286515398900182,1.0520037426349336,BA
67,0.0,2.3133591704409047,0.9869332315914545,2.3060655270233363,0.988230111451861,BA
68,0.0,2.168702426862368,0.9756278357607278,2.1804664656095047,1.0012635673684411,BA
69,0.0,2.2916797993032008,0.9881555900732818,2.29514605154075,1.0079922285733354,BA
70,0.0,2.213774887626547,1.0230814781188322,2.197822382436874,1.0133553472276589,BA
71,0.0,2.282589990934205,0.9928365252454611,2.306899817509762,1.0099719865992198,BA
72,0.0,2.1964353093088147,1.03449149015268,2.2078497649389863,1.0423815689298075,BA
73,0.0,2.1756121977964393,1.0218310125577355,2.1916777142150092,1.043125249770222,BA
74,0.0,2.3223980121543653,1.0326320004462368,2.310091791551376,1.0773738567045985,BA
75,0.0,2.2546943611302943,1.0189534846699608,2.2740992700504825,1.0017090834989695,BA
76,0.0,2.2589620156873034,0.9927525944053974,2.240326083080277,1.0012737828657214,BA
77,0.0,2.2484324008198544,1.0394483058448283,2.207838832711418,1.0480117140102925,BA
78,0.0,2.2412296632649835,1.030759285244338,2.213773928506576,1.0080830906845841,BA
79,0.0,2.2609559478121457,0.9725019524128806,2.2812822559798533,1.000427151927675,BA
80,0.0,2.301771909387223,0.9898068460173056,2.3277349463761077,1.021361330365322,BA
81,0.0,2.2958895572531492,0.9836580093827809,2.2973783851299885,1.0543711963319904,BA
82,0.0,2.2230020056475985,1.0047028233955906,2.1718439963071727,1.0318782551092875,BA
83,0.0,2.211912411249198,1.0216851363064037,2.2172352210977198,1.0052535485680059,BA
84,0.0,2.3193477793391564,1.0168614115995582,2.3341597488273873,1.008765802741156,BA
85,0.0,2.1908239921422705,1.0180424486114954,2.154809741791053,0.9895633397042345,BA
86,0.0,2.1904873890948084,1.0286851560263037,2.1744578096467775,1.0033535897642636,BA
87,0.0,2.1932528891202563,1.0325752534419619,2.1870653016472312,1.0519756374050597,BA
88,0.0,2.248342640138311,1.008243872007788,2.245559602674135,1.0155785346514667,BA
89,0.0,2.2309940083318645,1.0199436572518434,2.29686387661614,1.0328353668376558,BA
90,0.0,2.3040854858288475,1.0307889860347497,2.258214125032221,1.0242332303835024,BA
91,0.0,2.2729668639277305,1.028648192695288,2.2955462392900037,1.0155101170084564,BA
92,0.0,2.2503097174165183,1.0323128203847447,2.261466524850284,1.070838085909679,BA
93,0.0,2.2286473316235895,1.0379039543554665,2.243124920002377,1.0333571884043826,BA
94,0.0,2.2825512921115014,1.0243445468717767,2.247676972455822,0.9927502127463896,BA
95,0.0,2.321839720354774,1.0014177211035467,2.31953973251046,0.9918023436405558,BA
96,0.0,2.219959359899532,1.0259607411423555,2.224949785635783,0.9863574211272081,BA
97,0.0,2.2263518855076483,0.9871551239968787,2.2296312596561076,1.01150633332501,BA
98,0.0,2.228503779395378,1.0652080785969653,2.216262596839347,0.998928325494527,BA
99,0.0,2.274734496647382,1.0299652804361126,2.271629005260942,1.0314399601037132,BA
0,0.04,2.263598296148296,1.0088401984693514,2.2567598998224,0.8515187340383377,ER
1,0.04,2.270091086691086,0.9594847671493479,2.2603815739815736,0.8807666485828248,ER
2,0.04,2.261263808413808,0.9449576919159249,2.248108968808969,0.8911490704783195,ER
3,0.04,2.1852902028527033,0.9700114681813244,2.219434941447442,0.8701831595758082,ER
4,0.04,2.202596080553433,0.9385156776641502,2.2538700528229936,0.891176750101866,ER
5,0.04,2.2253353535353537,0.9374584536564018,2.2305949883449885,0.8415684167558088,ER
6,0.04,2.2432994422244423,0.9845999085541217,2.2066718503718503,0.9064709443464638,ER
7,0.04,2.2525578976578977,0.9700782419566693,2.275294807969808,0.8706812925466592,ER
8,0.04,2.287202974802975,0.9345249542127407,2.2636208929958928,0.85737646400058,ER
9,0.04,2.2362853313353313,0.911999218234139,2.2280175546675545,0.8883116895361771,ER
10,0.04,2.3165719760631527,0.9423137719744045,2.271433484979073,0.8746347350873173,ER
11,0.04,2.2896666638916634,0.9845557427036783,2.2898040293040296,0.8626579458145888,ER
12,0.04,2.2345100968475973,0.9892326052876231,2.2427835900210904,0.876599750492886,ER
13,0.04,2.2783384873296635,0.9516805386750269,2.2633952767820418,0.8477479196063445,ER
14,0.04,2.2626357614607615,0.9569222228726372,2.2470524725274728,0.8716563583367917,ER
15,0.04,2.2654252982311807,0.9512040131774561,2.2497524225774224,0.9031784666024367,ER
16,0.04,2.2613809017779603,0.966804828869786,2.259650891265597,0.8370483736254629,ER
17,0.04,2.2646930158077216,0.9518382469568027,2.286631675840499,0.8435219356155721,ER
18,0.04,2.2532195276945277,0.9621011977365985,2.2381666888666887,0.8728328452200314,ER
19,0.04,2.247611258186258,0.9632260796966485,2.2444822649572647,0.8768616076086108,ER
20,0.04,2.2474325702075704,0.9628755918905341,2.2456354187479186,0.8934810982906547,ER
21,0.04,2.234426501276501,0.9299842196321797,2.246197041847042,0.8691877848248488,ER
22,0.04,2.2178860833610834,0.9844074877426828,2.2299104256854263,0.8817240299115716,ER
23,0.04,2.270470596070596,0.9616817390334526,2.237695346320346,0.8588574290459037,ER
24,0.04,2.248645283882784,0.9607811421906641,2.2759517884892886,0.8570755246829579,ER
25,0.04,2.2464955433455436,0.9871871883432572,2.2599707514707514,0.872726828881105,ER
26,0.04,2.261050413475414,0.9787798498101616,2.2748982822732824,0.8752901547568008,ER
27,0.04,2.284608935508935,0.9480100595564781,2.2678626401376403,0.8404785391359822,ER
28,0.04,2.230941921966922,0.9409357336023871,2.265864097014097,0.9081922728321818,ER
29,0.04,2.243727047952048,0.9409320787939512,2.2520996087246083,0.860043675806093,ER
30,0.04,2.2332808746808746,0.9618682220280125,2.2178362956487954,0.8526468576999755,ER
31,0.04,2.2654706765456765,0.9853396189032726,2.226237162837163,0.8438774106875072,ER
32,0.04,2.281749153624154,0.9472516990252462,2.27571322011322,0.8577325758582209,ER
33,0.04,2.2242173076923075,0.9337739517012,2.2409968226218226,0.8506211259178621,ER
34,0.04,2.2198751998002,0.920399739333926,2.1890431818181817,0.8670098689047439,ER
35,0.04,2.253902958152958,1.007341801763999,2.2580362359862356,0.8426523708559355,ER
36,0.04,2.229100008325008,0.9598774807889985,2.2490507298257296,0.8849498260580012,ER
37,0.04,2.300922205572206,0.9762122544579144,2.2861018759018763,0.8863819705276083,ER
38,0.04,2.2308113997113996,0.9470525356345451,2.2142597347097346,0.8538728408456387,ER
39,0.04,2.26457596015096,0.9238353225697626,2.226812955100455,0.8525975733717505,ER
40,0.04,2.2660347541347536,0.9320112511561393,2.2482991563991566,0.8866423256915212,ER
41,0.04,2.29688016983017,0.9520651538735545,2.2591587065712067,0.8432739355342822,ER
42,0.04,2.232695290820291,0.9639624479311522,2.2346485902985904,0.8693505361063446,ER
43,0.04,2.2647840603840605,0.9539418389384174,2.272555364080364,0.8793339205862721,ER
44,0.04,2.2733370823620827,0.9915047171660362,2.2853625763125764,0.8986089845792422,ER
45,0.04,2.263760730935731,0.9374947439472627,2.2259126456876457,0.852712990627626,ER
46,0.04,2.286233821733822,0.9481423916763725,2.2543010017760015,0.8683798298654664,ER
47,0.04,2.283102910977911,0.9545191415393808,2.244863866688867,0.8549557986072829,ER
48,0.04,2.294368456543457,0.9446465434383585,2.2882543942985123,0.8859505997444087,ER
49,0.04,2.243934965034965,0.8918406032786518,2.2587614177489175,0.8647695707592837,ER
50,0.04,2.2602101093351092,0.953284201271656,2.258548337773338,0.8702559720786545,ER
51,0.04,2.22665458014208,0.9434577607582343,2.209409426684427,0.8861343294098257,ER
52,0.04,2.2426630230880233,0.9296275277869938,2.2780721389721394,0.8467679134230321,ER
53,0.04,2.2525912726162725,0.9437141611114255,2.2549949161949163,0.8554325579996807,ER
54,0.04,2.231201465201465,0.9568983687184381,2.246306891719392,0.8671581626020576,ER
55,0.04,2.216362479187479,0.9500683062329554,2.2392761655011655,0.8931133796314347,ER
56,0.04,2.1956405816405815,0.9090937046961377,2.224453687978688,0.8913812683857094,ER
57,0.04,2.2181649572649578,0.9539054249957367,2.2346757575757574,0.8829214649222961,ER
58,0.04,2.2604102564102564,0.952548221840008,2.194585837773338,0.8672081420362358,ER
59,0.04,2.255310631035631,0.9629174968428197,2.216668659118659,0.8516554983930653,ER
60,0.04,2.2455499861249866,0.9660399849516447,2.211862185037185,0.8680767926314603,ER
61,0.04,2.2513097846597847,0.9214036654848966,2.2181613206238207,0.8688921635133304,ER
62,0.04,2.2515119204325087,0.9893865612064324,2.239157861746097,0.8640115174956293,ER
63,0.04,2.247515365190365,0.9393721878462356,2.2499809829059827,0.8777585378952732,ER
64,0.04,2.3056880619380618,0.994422740462294,2.246506657231657,0.8869378509060102,ER
65,0.04,2.2691054151730623,0.9389969646913529,2.272390873505579,0.8578689779097662,ER
66,0.04,2.1960334387834393,0.944006472460484,2.200886402486403,0.8709716988936349,ER
67,0.04,2.2066736790986794,0.902440329098246,2.222283752358752,0.8402899050646236,ER
68,0.04,2.2517378112083994,0.993258454090181,2.2701898366339544,0.8831785987148808,ER
69,0.04,2.219715134865135,0.9571613622015358,2.2324487429237427,0.8580699490311046,ER
70,0.04,2.2777950382950385,0.941731397072163,2.268933985458985,0.8967359331593617,ER
71,0.04,2.224219214119214,0.9707139319100957,2.222850036075036,0.8965977077030107,ER
72,0.04,2.270418342768343,0.9289003493218518,2.239809984459985,0.8442618852035029,ER
73,0.04,2.2245641747141742,0.9643712660073755,2.226758577533577,0.8639935628310341,ER
74,0.04,2.2320627829686654,0.9665159135644019,2.27544899887694,0.8911380115366185,ER
75,0.04,2.236009074259074,0.9319464104090721,2.256678728216228,0.850201307076916,ER
76,0.04,2.2844266677766676,0.9552348104517754,2.2477502442002444,0.8917584243849347,ER
77,0.04,2.2770676767676767,0.9555545004645872,2.246695543345543,0.8701572503693709,ER
78,0.04,2.2866203754578756,0.9229118647467137,2.2814261433011436,0.8651167733376305,ER
79,0.04,2.262246361971362,0.9393219861111691,2.2356814796314795,0.8708671207723466,ER
80,0.04,2.198235791985792,0.9429934610232131,2.233452233877234,0.9014618260096219,ER
81,0.04,2.2960664252414253,0.9450141018161756,2.2776036477411474,0.8781878268366243,ER
82,0.04,2.2310733405483405,1.0044353096511252,2.249858691308691,0.8984062016531024,ER
83,0.04,2.214822208347208,0.9669972319398821,2.232471736596737,0.8385180189790877,ER
84,0.04,2.2107122127872127,0.9027851906529953,2.2201090215340216,0.8939728814161984,ER
85,0.04,2.2526868686868684,0.9516776128129953,2.272864767177267,0.8997457661331816,ER
86,0.04,2.241601628110452,0.9063031007151633,2.270599137300608,0.8484775546125238,ER
87,0.04,2.261503787878788,0.9580924601673942,2.259084340659341,0.8229922381115413,ER
88,0.04,2.2722861610611607,0.9194741070974969,2.248743950493951,0.8933554766654942,ER
89,0.04,2.2939740315240313,0.9448539685442984,2.251090637140637,0.8656954859540258,ER
90,0.04,2.243142266067266,0.9465680412484039,2.2786865800865796,0.8621969110405674,ER
91,0.04,2.235206268731269,0.9329205655270149,2.2029966311466316,0.861576292716303,ER
92,0.04,2.2505352980352984,0.9574050535760156,2.306001764901765,0.8869042076980245,ER
93,0.04,2.25681081973582,0.9231558484199482,2.2628873071373072,0.905277503145748,ER
94,0.04,2.244396328671329,0.9504329824368308,2.249362204462204,0.873349001699801,ER
95,0.04,2.227291271228771,0.9121948508446708,2.2487263222888223,0.8356387212401999,ER
96,0.04,2.2569164668664667,0.9237464907434659,2.284876903651903,0.8722442525686547,ER
97,0.04,2.281368556443556,0.9805943730634046,2.258958904983905,0.8844995028677628,ER
98,0.04,2.240962579087579,0.9427498760191556,2.2522752955377956,0.8519119013440759,ER
99,0.04,2.2439787878787874,0.9628406544387464,2.2548520854145853,0.8738778751626342,ER
0,0.01,2.2666547619047615,0.8864580273906919,2.2747646825396823,0.8016439278827012,SW
1,0.01,2.261865476190476,0.8722349069299299,2.2488464285714285,0.7900060672064946,SW
2,0.01,2.2790662698412696,0.8510936391794054,2.2733000000000003,0.7977922864603298,SW
3,0.01,2.1971984126984125,0.9016417216487307,2.1917952380952377,0.7913161615201557,SW
4,0.01,2.2804952380952384,0.8904137205487663,2.272738095238095,0.7992709174198112,SW
5,0.01,2.2435130952380957,0.8847927308618015,2.2476773809523807,0.7627307265868879,SW
6,0.01,2.253451984126984,0.8945121877910163,2.2294198412698414,0.8072516916522127,SW
7,0.01,2.2336869047619046,0.8703078116747401,2.223788095238095,0.7825879990762611,SW
8,0.01,2.222955952380952,0.8904101507462,2.2138337301587296,0.7904418039389773,SW
9,0.01,2.246513492063492,0.8863668854944087,2.2390801587301588,0.8056673770691879,SW
10,0.01,2.2550519841269843,0.8593677298085933,2.2712916666666665,0.7507619108000094,SW
11,0.01,2.279590476190476,0.9016908635203137,2.2832178571428567,0.797103043459255,SW
12,0.01,2.259978174603175,0.8922044580882771,2.2497396825396825,0.8210826853692337,SW
13,0.01,2.27726626984127,0.8759351736438025,2.232081746031746,0.8079856352478166,SW
14,0.01,2.2278170634920635,0.9038770040137243,2.195188095238095,0.7678372295646012,SW
15,0.01,2.2528440476190474,0.8800615457881341,2.246429761904762,0.8055338832207639,SW
16,0.01,2.2413119047619046,0.9131035179949915,2.257216666666667,0.8026088345291076,SW
17,0.01,2.2369059523809525,0.8820795772873992,2.2347464285714285,0.7731579968064701,SW
18,0.01,2.210709523809524,0.8587097714784973,2.2350690476190476,0.8039973441245999,SW
19,0.01,2.266023015873016,0.9031244702446746,2.245045238095238,0.784742703744512,SW
20,0.01,2.1979833333333336,0.8493695243833789,2.177538095238095,0.7878620200312424,SW
21,0.01,2.245034523809524,0.8935727114798944,2.234825,0.7782436482282736,SW
22,0.01,2.247413492063492,0.8928158191209641,2.268985317460318,0.7777925167002213,SW
23,0.01,2.216372619047619,0.8810920111279029,2.2077000000000004,0.7685641475432541,SW
24,0.01,2.2468559523809524,0.8706181471911422,2.2472738095238096,0.7871396738009263,SW
25,0.01,2.2514845238095242,0.8723790451403238,2.2334678571428572,0.8021350144415468,SW
26,0.01,2.2598170634920636,0.8982162996319476,2.2643099206349206,0.8099787555341017,SW
27,0.01,2.240422619047619,0.8757908435933426,2.242510714285714,0.7597949045218442,SW
28,0.01,2.2415535714285717,0.8732920389110049,2.2634488095238097,0.7745181103597428,SW
29,0.01,2.2735047619047624,0.8729398913702926,2.2847444444444442,0.7916727873877246,SW
30,0.01,2.248207142857143,0.9085588747978433,2.2469916666666667,0.8231485368425712,SW
31,0.01,2.287503571428571,0.8872628487652553,2.2670333333333335,0.7666472871108768,SW
32,0.01,2.276472619047619,0.897967384437387,2.2586369047619046,0.7761937171045032,SW
33,0.01,2.228857142857143,0.8826020079411608,2.2231690476190478,0.7535681491653612,SW
34,0.01,2.213932142857143,0.8572838597573132,2.2023297619047617,0.7674780728686544,SW
35,0.01,2.2407999999999997,0.8771005334781552,2.237476190476191,0.8009101253646158,SW
36,0.01,2.2470535714285718,0.8767426260506465,2.238820238095238,0.7622637511030865,SW
37,0.01,2.2503797619047616,0.8826491600504766,2.2264285714285714,0.7729808309908889,SW
38,0.01,2.2444547619047617,0.8823322020911051,2.2175880952380953,0.7765024268366584,SW
39,0.01,2.2321321428571426,0.893449439193628,2.2196730158730156,0.7796397079243307,SW
40,0.01,2.2254980158730158,0.8873319545708434,2.2377424603174605,0.7647889620715765,SW
41,0.01,2.235906349206349,0.8650486988288157,2.2429015873015876,0.8213690308395937,SW
42,0.01,2.2489857142857144,0.883661964039045,2.2561940476190476,0.8191686266775743,SW
43,0.01,2.24179880952381,0.8695589042940861,2.2541702380952384,0.8193299606717461,SW
44,0.01,2.2648694444444444,0.8913923919228969,2.2541031746031743,0.7666947769173734,SW
45,0.01,2.2513809523809525,0.9244905200462191,2.212757142857143,0.8055099609913188,SW
46,0.01,2.22784126984127,0.849876752547115,2.2174178571428573,0.7555420285185949,SW
47,0.01,2.257688095238095,0.8716857854818507,2.2594273809523813,0.8103373069751142,SW
48,0.01,2.2376035714285716,0.8535973616560956,2.2436130952380955,0.7729304601836842,SW
49,0.01,2.264178174603175,0.8917077527390233,2.227823809523809,0.7919685704072956,SW
50,0.01,2.2495607142857144,0.8645403950808047,2.226577380952381,0.7710534759879174,SW
51,0.01,2.2204249999999996,0.8658873624979926,2.228302380952381,0.7716852241748254,SW
52,0.01,2.2510809523809523,0.8581291824584735,2.2557940476190477,0.7611675053795638,SW
53,0.01,2.267120238095238,0.8744402743599011,2.2630059523809525,0.7943904872792487,SW
54,0.01,2.2517313492063495,0.891561023547937,2.2268468253968257,0.7811950804364008,SW
55,0.01,2.2110785714285717,0.871447210934534,2.2140440476190477,0.7852796072070007,SW
56,0.01,2.223641666666667,0.8976354292421742,2.231036111111111,0.8044364443247001,SW
57,0.01,2.2465059523809523,0.8961822772186752,2.244394841269841,0.7700351536836715,SW
58,0.01,2.2774988095238093,0.8963286885470167,2.3034416666666666,0.7913032365935835,SW
59,0.01,2.2299698412698414,0.8476653695341593,2.2470246031746037,0.802011164062447,SW
60,0.01,2.283136904761905,0.8975166448590446,2.242945238095238,0.803708131691295,SW
61,0.01,2.267410714285714,0.8813934002069042,2.2603261904761904,0.7922793509259396,SW
62,0.01,2.231580952380952,0.8999422893565652,2.2460047619047616,0.7774927463405977,SW
63,0.01,2.246728571428571,0.8992030425960863,2.216479761904762,0.8118831727605486,SW
64,0.01,2.2372261904761905,0.9036830305126673,2.20535119047619,0.8100322197243317,SW
65,0.01,2.2519988095238097,0.9010724508791047,2.2655666666666665,0.8187618204855471,SW
66,0.01,2.2453924603174604,0.9127955655399966,2.2642607142857143,0.803298859027375,SW
67,0.01,2.264145238095238,0.8747374663453856,2.2406261904761906,0.7830029084221244,SW
68,0.01,2.248865476190476,0.8464619198364901,2.2279773809523813,0.7673387434269924,SW
69,0.01,2.2425285714285716,0.8759882221792855,2.231409523809524,0.7822070972241595,SW
70,0.01,2.260873015873016,0.8622578696578235,2.247055555555556,0.7952979979339585,SW
71,0.01,2.2556130952380955,0.8833660112802643,2.228320238095238,0.7633886354464163,SW
72,0.01,2.2454642857142857,0.8850176230838198,2.237429761904762,0.7801626455874514,SW
73,0.01,2.25652619047619,0.9011815874223519,2.255897619047619,0.7531397186290496,SW
74,0.01,2.2450619047619047,0.9118423468755745,2.2389464285714284,0.7870172059412439,SW
75,0.01,2.2428190476190477,0.8775340250395086,2.2278559523809527,0.781307936444953,SW
76,0.01,2.2846892857142858,0.8711520066590364,2.269845238095238,0.7910849215051946,SW
77,0.01,2.256719047619048,0.8920946261950958,2.2397119047619047,0.7999254020598072,SW
78,0.01,2.2025595238095237,0.8657657270162429,2.183625,0.7711865902949409,SW
79,0.01,2.218975,0.8737340950308877,2.1913484126984133,0.79391837342402,SW
80,0.01,2.2541873015873017,0.8834323663178176,2.2396619047619044,0.7957482183212546,SW
81,0.01,2.2468869047619044,0.8924470794658409,2.255788095238095,0.8022583159742793,SW
82,0.01,2.2399416666666667,0.9085350407937256,2.2623654761904763,0.7674946608711378,SW
83,0.01,2.23238373015873,0.8782086562078177,2.2325440476190477,0.7719081378181443,SW
84,0.01,2.272653968253968,0.8768138695120575,2.251467857142857,0.7931035534358081,SW
85,0.01,2.237455555555555,0.9022518207517713,2.2314813492063497,0.7944467155937559,SW
86,0.01,2.2056416666666663,0.8683213263814974,2.240389285714286,0.7951189082973162,SW
87,0.01,2.2559718253968253,0.8733334083961319,2.277125793650794,0.7671056069075486,SW
88,0.01,2.2422,0.8786234864045451,2.209052380952381,0.831892493490369,SW
89,0.01,2.2283988095238096,0.8934395306767589,2.232591666666667,0.775567187731442,SW
90,0.01,2.242036904761905,0.884012750744755,2.2093107142857145,0.7822178073089011,SW
91,0.01,2.2477452380952383,0.8616317845509913,2.2432440476190476,0.7894870185858597,SW
92,0.01,2.210075,0.8713200525933286,2.232693253968254,0.7744585075874931,SW
93,0.01,2.291404761904762,0.8561414782181878,2.2667869047619047,0.7580531690728823,SW
94,0.01,2.231353571428572,0.9087870952287808,2.1849571428571424,0.7821218717776184,SW
95,0.01,2.260411904761905,0.9066426188256181,2.2559154761904767,0.7728630274023767,SW
96,0.01,2.2684869047619043,0.8835938625225231,2.250295238095238,0.7844639821974488,SW
97,0.01,2.2225694444444444,0.8578861490380625,2.2655408730158735,0.7956357430260367,SW
98,0.01,2.2622416666666667,0.8826071483254748,2.2454833333333335,0.7932726956582274,SW
99,0.01,2.252536904761905,0.9022555886023181,2.2440571428571428,0.8111390240576559,SW
0,0.05,2.29319107403204,0.9897281634261935,2.2611918247729825,0.9365558262130577,BA
1,0.05,2.360522214916943,1.052624946228351,2.23643022442923,0.937264719436375,BA
2,0.05,2.278030284596521,0.9903006752652082,2.2278397629553,0.9823123008208814,BA
3,0.05,2.2667734643812856,1.0285192852299587,2.243721970592527,0.9066589475798326,BA
4,0.05,2.309414401711548,0.9985443007188952,2.2551329121116366,0.9335198968377194,BA
5,0.05,2.227113703339478,1.0095959190470751,2.2123983893377255,0.9175544989387465,BA
6,0.05,2.2707080681312757,1.0218332928710474,2.238728183660065,0.9319391270004503,BA
7,0.05,2.3201967930664664,1.024343623511567,2.2410919944646137,0.9666316470626272,BA
8,0.05,2.2220297152759696,1.0094977271796588,2.25281866131018,0.9172415827630919,BA
9,0.05,2.2713672905771074,1.0063394143919238,2.283924555342715,0.8963563165600014,BA
10,0.05,2.2246160508142734,0.9636860247422631,2.288800379500083,0.9482346489089012,BA
11,0.05,2.2673184170256357,1.0121002917175588,2.2461035508269256,0.918646693672244,BA
12,0.05,2.215844920060899,0.996305513866526,2.271564354410749,0.9304060901875815,BA
13,0.05,2.247452513272075,0.9865392336113293,2.2680407096191457,0.9377305235350304,BA
14,0.05,2.352668106790323,1.042311685820433,2.2381738290963433,0.9221141912329115,BA
15,0.05,2.349733030832372,0.9946132271336771,2.192726456556816,0.9376123636003891,BA
16,0.05,2.282224802960266,1.0192099593877721,2.3013451835802847,0.9575779436323612,BA
17,0.05,2.2498176307776014,1.0312715578937284,2.2746495212725457,0.9259261882833643,BA
18,0.05,2.2313204991181883,1.049410415652851,2.236726579767566,0.9252281284796302,BA
19,0.05,2.288800001651109,1.0465829770755857,2.2413777269199056,0.8904577019554116,BA
20,0.05,2.144399732535936,1.0123151854663466,2.2399137372662024,0.9303617942421175,BA
21,0.05,2.26741445586755,1.0176499946043507,2.2350085081021964,0.9261391069724533,BA
22,0.05,2.262043941185296,1.0333052523910784,2.180368388582433,0.9483258308149847,BA
23,0.05,2.2896327488532107,1.002698406633948,2.263902896862937,0.9237198051937425,BA
24,0.05,2.2196116755212367,0.9998969701055408,2.2558480209804004,0.9040066228737655,BA
25,0.05,2.1884140439560853,1.000929632413323,2.2700967586228833,0.9386163598558862,BA
26,0.05,2.3073771276854513,1.0053324759971136,2.2247525525107132,0.9345432077210696,BA
27,0.05,2.2751019125343284,0.9772140217921691,2.20992149152981,0.9536981410792753,BA
28,0.05,2.3229119570114047,1.0392249757279564,2.273113511585441,0.9233364160158456,BA
29,0.05,2.31157218331172,1.0199456035140806,2.2482651079868847,0.928847902116998,BA
30,0.05,2.278145672515845,1.0357486219424503,2.245852301373875,0.9047317472387825,BA
31,0.05,2.11848576628227,1.0274189036308505,2.2791679917635173,0.9490394118340648,BA
32,0.05,2.355029895494566,1.024330678102611,2.2324650781448026,0.9255390229560211,BA
33,0.05,2.2130397789269334,0.9717437228367557,2.2443631926228735,0.9346207486887724,BA
34,0.05,2.2072232279420123,1.0211909734154339,2.1749307410493572,0.9143986332863413,BA
35,0.05,2.1823052747971787,0.9758730193979586,2.2680413512359046,0.9140351981867935,BA
36,0.05,2.3643915709010264,1.059327201273956,2.298616326516683,0.9190548579388093,BA
37,0.05,2.2171085679854494,1.001794081205673,2.222159632809763,0.9516905928777752,BA
38,0.05,2.2579859025881657,1.0446766882889458,2.270319439059306,0.9595618752273516,BA
39,0.05,2.3146377763248465,1.0296987847783978,2.258355882791048,0.9336055554065817,BA
40,0.05,2.282089105016603,0.9823454121757119,2.2570697098025803,0.9687631686056062,BA
41,0.05,2.2180780326870813,1.0253402327231487,2.2696880612041843,0.900849456036054,BA
42,0.05,2.307334348826478,0.9958558722995301,2.2604922640444873,0.9110508040378892,BA
43,0.05,2.2387354131614488,0.9736918336283112,2.260443199964713,0.9177475626724326,BA
44,0.05,2.2836658359160786,1.0157084426355276,2.2459815449350455,0.9164982941457097,BA
45,0.05,2.1707473924427414,1.0187889598280446,2.2525756279162823,0.9343271961210485,BA
46,0.05,2.2371430791310667,0.9888677942686602,2.2278585142998026,0.9000358936533421,BA
47,0.05,2.2330186235669447,0.9995696099188636,2.249735076965055,0.9325807489562603,BA
48,0.05,2.106467136683106,1.0411937141600351,2.20772773529941,0.9531834922238617,BA
49,0.05,2.225212503420735,0.9898024635820948,2.193688387805046,0.9542171185367979,BA
50,0.05,2.259637767555994,0.975224579278789,2.263567065380831,0.8910410978428597,BA
51,0.05,2.2275023278209707,0.9956733721552115,2.2598298429542965,0.9149371606783391,BA
52,0.05,2.2144481642824165,1.0352153300158644,2.1950573588012894,0.9618096536496068,BA
53,0.05,2.201438308226902,0.9879183443530148,2.214157332219997,0.9538823714559154,BA
54,0.05,2.227909714147523,1.0464696279241668,2.250446487388347,0.9209658765872828,BA
55,0.05,2.2179084575472845,0.9771421292781024,2.240214325933239,0.9381950261568562,BA
56,0.05,2.3479850589033977,0.9842597291619507,2.2876653948439345,0.9294856039898836,BA
57,0.05,2.1813027815547046,0.9776850790574877,2.263803270301854,0.9286316224613309,BA
58,0.05,2.2202831929537656,1.003845926557087,2.269324621337972,0.9534042456855978,BA
59,0.05,2.198510286390575,1.0064216800168155,2.2077368141037397,0.9301755336648749,BA
60,0.05,2.307403367987582,0.9725267604909695,2.2750809396165645,0.9258631599584979,BA
61,0.05,2.2163141261295833,1.0127848222915372,2.2505329715395854,0.926929560306198,BA
62,0.05,2.179099631712787,1.0024149285558883,2.2720730230321404,0.9401828836063276,BA
63,0.05,2.2357534891193023,1.033569176646014,2.2210412120219365,0.951620256257319,BA
64,0.05,2.2666784857790803,1.031018850023697,2.2144274532214605,0.9504013509863671,BA
65,0.05,2.261448880645843,1.020900338328882,2.2884716719676566,0.9120128228691987,BA
66,0.05,2.232938824858189,0.9652220096457402,2.2518514087935038,0.974877109069152,BA
67,0.05,2.273148018479678,0.9753280547505224,2.2118007456060735,0.9393932061740857,BA
68,0.05,2.3111848456984587,1.0313575269237496,2.2694791558320064,0.9487547614493926,BA
69,0.05,2.24568839726358,1.000867309534336,2.2598951599997705,0.9332036404651952,BA
70,0.05,2.247475760668397,1.008316526756599,2.274360536516889,0.9862869774468601,BA
71,0.05,2.2592041646717345,1.006175124679804,2.2183686744340068,0.9539144227638251,BA
72,0.05,2.275118469270054,1.0232045806665653,2.219610194966487,0.9589012594259743,BA
73,0.05,2.192207303577482,1.0381581869043055,2.2391197135425807,0.9376894000754231,BA
74,0.05,2.122650336725942,1.0105892978341366,2.2202095361401906,0.8943711637442043,BA
75,0.05,2.2878928382537214,1.0129391746186291,2.2523941105915375,0.9157153325090014,BA
76,0.05,2.164024358086429,0.9784699886068899,2.2173219503450747,0.9137536038939494,BA
77,0.05,2.31664365316156,1.001086802934235,2.2297421297133035,0.9463483875297402,BA
78,0.05,2.222002175383227,0.9724662016996801,2.2928694477789997,0.9409605417160255,BA
79,0.05,2.199288082638773,1.0063877263691696,2.238121799590206,0.9400401199070958,BA
80,0.05,2.22702691143577,1.0102889183954167,2.222034712646292,0.9347429646978478,BA
81,0.05,2.142476690035478,1.0056852356115322,2.246312632223023,0.9311959035922729,BA
82,0.05,2.2454370017182432,1.023336184172871,2.251397560930038,0.9239408763648455,BA
83,0.05,2.1595544974171723,0.992147060245458,2.2703192814937343,0.9385248901659998,BA
84,0.05,2.2398986100903957,1.0419953629052159,2.23624669313244,0.9291399312535932,BA
85,0.05,2.2470396477776315,0.9976093859044632,2.2524570093694636,0.9508432394589026,BA
86,0.05,2.2666049239028725,1.0412698262131443,2.239011792133998,0.9573230856407885,BA
87,0.05,2.2635703548219155,1.046808936244,2.2310769046565047,0.9188105713151516,BA
88,0.05,2.2044957479476106,1.0163634220633584,2.2217825713420907,0.9233199404290259,BA
89,0.05,2.2439279989073624,1.0012189119098625,2.2392712632955893,0.929139471650108,BA
90,0.05,2.2060433499143492,1.0075528730769605,2.2478762616083467,0.9570583526408966,BA
91,0.05,2.298398846121984,1.0274948569372322,2.233462271321266,0.9231183874126886,BA
92,0.05,2.2520067768723697,1.0533600385535131,2.2662286132081473,0.9587788639050928,BA
93,0.05,2.296816107794408,1.0016280224549634,2.220310043763934,0.9322460826873845,BA
94,0.05,2.3162279377395634,1.0570435111424827,2.2823350654589096,0.9452244961426627,BA
95,0.05,2.211718096554834,0.9953666953868293,2.2712288180046283,0.9148831042843496,BA
96,0.05,2.222138369094341,0.9743102644439404,2.2599330463908127,0.9314151147395884,BA
97,0.05,2.2813992677228874,0.9967038570351925,2.2344988922356133,0.8940700180990919,BA
98,0.05,2.198908111738804,1.0486657204367749,2.266516713812817,0.9233860526693092,BA
99,0.05,2.288941183425363,0.9969987271704718,2.281402038501676,0.910323760699856,BA
0,0.03,2.2586203773687306,0.9864096891219971,2.208278484435003,0.9379316644828368,BA
1,0.03,2.3170460154956105,1.0234902525139473,2.2582438522456534,0.9529521333328337,BA
2,0.03,2.2121650334128806,0.9995841381414529,2.277410622340323,0.9429741844019285,BA
3,0.03,2.263619799940781,1.019878193933237,2.2323293675487035,0.9443896951484173,BA
4,0.03,2.3745850950029035,0.9901372089110327,2.249760534427578,0.9665196463232956,BA
5,0.03,2.323448691923136,0.9888376947528463,2.3138647337368288,0.9287100969044676,BA
6,0.03,2.203129822060598,0.9948800999907351,2.253085824168352,0.9662015013626712,BA
7,0.03,2.2614603360745376,1.0374722743931795,2.260469889289387,0.9205209374779261,BA
8,0.03,2.2275297902247013,1.0134076398034628,2.22876353668925,0.9339703629924336,BA
9,0.03,2.262092092712025,1.0140642401534312,2.2799031540344585,0.9434200600625676,BA
10,0.03,2.220894290397156,1.0200690019657572,2.2159388578419237,0.9642417564081083,BA
11,0.03,2.241867008231013,1.0148902117674703,2.2614112875970234,0.9519354526224655,BA
12,0.03,2.291042141002552,1.008287923952556,2.2207759799941806,0.9031010621600208,BA
13,0.03,2.3114888109947422,1.0194000377679342,2.2256827761206552,0.9793767679214431,BA
14,0.03,2.2860174935938984,1.0157759897160583,2.227023036982754,0.9535139141409718,BA
15,0.03,2.179608095768209,1.0150425580737008,2.268149166158236,0.9493605697822968,BA
16,0.03,2.160603975606579,1.0179444166262592,2.232769049230775,0.9261274656773572,BA
17,0.03,2.3285174048892965,1.0263280694864234,2.2435722556588744,0.9396314016397496,BA
18,0.03,2.2096070981438505,0.9881923732923811,2.276472470260088,0.930652649262593,BA
19,0.03,2.204421606903913,0.9946610561647448,2.257991859240302,0.9276975617037394,BA
20,0.03,2.2744209854757576,1.0159332590820498,2.231692115434185,0.9057794313443727,BA
21,0.03,2.248264471584307,1.049207646487485,2.253392824157523,0.9481521501358265,BA
22,0.03,2.2563320189594496,1.0103711981266728,2.2158184124739493,0.9266954628917811,BA
23,0.03,2.1473444154000494,1.0116598906408845,2.245325690921907,0.9497843493765199,BA
24,0.03,2.2328893474573333,1.0250222227905113,2.279836782137964,0.9542739743907879,BA
25,0.03,2.2453985252666206,0.9947311911155413,2.266080158176246,0.9541860779768323,BA
26,0.03,2.193292815054806,0.9763378128019085,2.277368271388398,0.9525191817289945,BA
27,0.03,2.1922819497982964,0.9766133278220881,2.216409192204691,0.9299103451072976,BA
28,0.03,2.2540550468625105,1.0096350546561323,2.2861467192106004,0.9088642133583459,BA
29,0.03,2.253190255674532,1.0178999323760656,2.2617933895881652,0.9513138775709101,BA
30,0.03,2.2744078432414656,1.0198382058242303,2.236712260308358,0.9080068995115407,BA
31,0.03,2.231960771902206,0.957260597475946,2.285039309882671,0.9412398185562466,BA
32,0.03,2.276480581451514,1.0318800712664036,2.2838996169772865,0.9602206775271189,BA
33,0.03,2.275778708193945,1.008495339777228,2.2899282672733245,0.9264583275148222,BA
34,0.03,2.2062416734958634,1.0277961327870082,2.2293489114658627,0.8993546789537429,BA
35,0.03,2.353795237197838,1.0264766463874386,2.269530752199047,0.9563547598640141,BA
36,0.03,2.2357967956709897,1.0110097963874412,2.236195273700553,0.9360518842838238,BA
37,0.03,2.1958578278483456,0.9811545658428034,2.2321371145431885,0.9091189244132344,BA
38,0.03,2.225752547373547,1.0121617865978494,2.242984558686279,0.9200913419622488,BA
39,0.03,2.326673340717629,0.9969919389177804,2.2873209537527504,0.9294569385563448,BA
40,0.03,2.162438138107592,1.0038454266567214,2.2553800486728863,0.9281284421369037,BA
41,0.03,2.26258909066193,1.0027010502235205,2.234629043612319,0.9466457973393757,BA
42,0.03,2.284473298864482,1.0090299503845364,2.223250228190653,0.9207312388545639,BA
43,0.03,2.418828150944178,1.0266524706884252,2.270080237574791,0.9808291471504562,BA
44,0.03,2.3149575249999015,1.0173956077659698,2.2460268358576254,0.9299304008461369,BA
45,0.03,2.285283289668596,1.030625915744643,2.281763562093753,0.930092109948977,BA
46,0.03,2.291778758024726,1.0015022166058858,2.28243763277454,0.9193468168811652,BA
47,0.03,2.2477777885581416,1.0034282820620284,2.2486321158748335,0.9573445448635537,BA
48,0.03,2.227303469562734,0.9634637744723904,2.238956958804379,0.9428941503274707,BA
49,0.03,2.2070576000951623,0.966211829597904,2.2397083350250058,0.9405990400742152,BA
50,0.03,2.237084736377755,1.0172135693318365,2.2266634013224667,0.9476429183612278,BA
51,0.03,2.257864254758564,1.0435181851739446,2.2235793242637234,0.9310180317516892,BA
52,0.03,2.263556924939039,0.9938184520867062,2.2126697968031985,0.9317007078076047,BA
53,0.03,2.190201534269443,1.014664702956652,2.252817119662563,0.9071992951506591,BA
54,0.03,2.3324069583917715,1.0359224433168759,2.2381376633233216,0.9478408095990347,BA
55,0.03,2.291937300933488,1.020243408210675,2.2604517848001846,0.9497583041893601,BA
56,0.03,2.3844263371272416,1.0063044149224538,2.241650595721727,0.9278564899638159,BA
57,0.03,2.195589643401796,0.9809936376552776,2.264983694354545,0.922408916699058,BA
58,0.03,2.198972885492875,1.012912004363718,2.268941011842344,0.9596471146660637,BA
59,0.03,2.3011320445073324,0.9670385949092066,2.2624881344481875,0.8738744988720795,BA
60,0.03,2.277162567595662,1.0419371160432247,2.258729606027956,0.9497817130256024,BA
61,0.03,2.16580693778114,0.9956591643241536,2.2510331239448282,0.9130551422323869,BA
62,0.03,2.1385627842590758,1.0028792217278846,2.2246932543013527,0.916292480290847,BA
63,0.03,2.232532895098413,1.031781141078818,2.269996685878839,0.9729133312736196,BA
64,0.03,2.3203021479545143,1.0437707087868107,2.2078325405927153,0.947519636577387,BA
65,0.03,2.2424364067834714,1.0118730153595967,2.2257732235162884,0.9160888060717995,BA
66,0.03,2.236999628475088,1.0003139207117084,2.2911391767577234,0.9509664295571987,BA
67,0.03,2.2385023470936796,0.9791600509192215,2.2911044654925834,0.9223800413749551,BA
68,0.03,2.289599328031128,1.0319380684511519,2.2283941394740663,0.9597429223432413,BA
69,0.03,2.1976641314081125,0.9947970314637827,2.1987640502790198,0.9128628094304584,BA
70,0.03,2.2038750230763213,0.9759225127058143,2.280416730529531,0.9069149556816015,BA
71,0.03,2.303143054082106,1.0338844748256428,2.2688442546153795,0.9131906205727851,BA
72,0.03,2.2714928822555813,1.0155758872719132,2.3249931042568566,0.9224204900890436,BA
73,0.03,2.3154849799184314,0.9943022059792569,2.2612420098820665,0.9326810544218456,BA
74,0.03,2.2430054456627877,1.0267728785079981,2.235084064801116,0.9533755717664142,BA
75,0.03,2.287105345245025,1.0321871101103934,2.211715860103323,0.9265108121037299,BA
76,0.03,2.2233326593206457,1.0373701840983836,2.25000214721765,0.9526684726027841,BA
77,0.03,2.3083039606257874,0.9799272824394359,2.253059559932621,0.9379681755423089,BA
78,0.03,2.3129679311203244,1.0132630219460912,2.2541372884465045,0.9327234454460731,BA
79,0.03,2.2393921284828786,1.037715702573285,2.253131615065958,0.9204553625769328,BA
80,0.03,2.268467101599489,1.0159799028212897,2.2503279107969747,0.9249542776356752,BA
81,0.03,2.307798574467414,0.9945158322164142,2.2531802307095257,0.9343927316215109,BA
82,0.03,2.271325864318709,1.0017408094795015,2.2412057767900873,0.9162475236861086,BA
83,0.03,2.259142990638457,0.9709304242451049,2.2448790021736853,0.9578050800959788,BA
84,0.03,2.297650323153305,1.0209320452756692,2.269919554986846,0.9166222321052282,BA
85,0.03,2.219166023614364,1.0536729978285733,2.249319468178787,0.972452509501459,BA
86,0.03,2.25504910786933,1.047464700078888,2.2617453165636063,0.9631527911512051,BA
87,0.03,2.224843565770175,0.9731187628504503,2.259591350169884,0.9162708996328746,BA
88,0.03,2.2421094871180065,1.0095783211182763,2.239303819473929,0.9408216750862765,BA
89,0.03,2.2580263643631016,1.0292090641759302,2.2313307490348584,0.9700287887772274,BA
90,0.03,2.2520770106306722,1.049135852426185,2.2585849848075377,0.9536197700995439,BA
91,0.03,2.1830136190176783,1.0267526782168186,2.2195817674920395,0.9419945171775079,BA
92,0.03,2.3449375096174276,0.9910584515585273,2.313780474082116,0.9477662225304632,BA
93,0.03,2.266893651960704,0.9808699544109941,2.270244399113256,0.9358907200774758,BA
94,0.03,2.2161411069086188,1.0766112609003995,2.276180473614697,0.9403094304065838,BA
95,0.03,2.1935330715113484,1.0010318265467033,2.2901037449210953,0.9478119749583028,BA
96,0.03,2.304662449850475,1.0389569542383643,2.2750137266254358,0.9700928585588883,BA
97,0.03,2.2154482634174184,0.990308340068131,2.1896962624709344,0.9428161413274834,BA
98,0.03,2.170491801917881,0.9923841874710218,2.235620246739815,0.9201446997384118,BA
99,0.03,2.240361167568806,0.9770291873468239,2.2078481704830275,0.9149321844669767,BA
0,0.0,2.237994047619048,0.9135726694449979,2.2360821428571427,0.8997833604208253,SW
1,0.0,2.2159920634920636,0.8664764017994279,2.234432142857143,0.882505562179352,SW
2,0.0,2.2209964285714285,0.8597691900356963,2.2505916666666668,0.8722746364365209,SW
3,0.0,2.2463761904761905,0.8881875638719449,2.259169047619048,0.8800475220979794,SW
4,0.0,2.2402607142857143,0.8735290456166857,2.244361904761905,0.9073095087391766,SW
5,0.0,2.2391666666666667,0.8510764742172036,2.236429761904762,0.9085511470412472,SW
6,0.0,2.2662000000000004,0.8780790418659201,2.2730535714285716,0.8692334339633234,SW
7,0.0,2.276648809523809,0.8749544779015325,2.255288095238095,0.864217800883519,SW
8,0.0,2.2276238095238097,0.8752452914881113,2.2361559523809524,0.8806649638597026,SW
9,0.0,2.2709321428571427,0.8644308755105857,2.2710988095238096,0.8888016486064122,SW
10,0.0,2.2425888888888887,0.8503201667764365,2.213432142857143,0.8940737369457221,SW
11,0.0,2.256696428571429,0.9060371748496124,2.2722238095238096,0.9052757483339217,SW
12,0.0,2.251434523809524,0.8941063348411742,2.265907142857143,0.8940489291696697,SW
13,0.0,2.28325873015873,0.8569058313016786,2.2679416666666667,0.8866687237513539,SW
14,0.0,2.284913095238095,0.8794467974822339,2.238998015873016,0.9036297927291511,SW
15,0.0,2.275959523809524,0.8675378342988329,2.2693654761904765,0.8524450176368097,SW
16,0.0,2.2009845238095243,0.8534789043555726,2.216811904761905,0.8749170799032039,SW
17,0.0,2.2444059523809523,0.9092035605468417,2.2363178571428572,0.8959539136939106,SW
18,0.0,2.246020238095238,0.9143617374766366,2.2717809523809525,0.8940841895957897,SW
19,0.0,2.2305714285714284,0.9053632584872185,2.240658333333333,0.8539862125552207,SW
20,0.0,2.26610753968254,0.8678080267235078,2.2351027777777777,0.8921079403714076,SW
21,0.0,2.2225555555555556,0.8980173905604809,2.2159250000000004,0.8850836583624002,SW
22,0.0,2.284135714285714,0.8402554999310621,2.2411035714285714,0.9007682262896011,SW
23,0.0,2.263181746031746,0.8802214827340563,2.273072619047619,0.8775095090563677,SW
24,0.0,2.264154761904762,0.9162928117501955,2.251502380952381,0.8774307711481268,SW
25,0.0,2.2778583333333335,0.8586585228708846,2.2590535714285718,0.8870837746593547,SW
26,0.0,2.177163095238095,0.8994618552921335,2.1674857142857147,0.8849474524287251,SW
27,0.0,2.209109523809524,0.8610739656299651,2.217486904761905,0.8528461954235765,SW
28,0.0,2.2298964285714282,0.8732746061476578,2.2124654761904763,0.8797193133248116,SW
29,0.0,2.2232333333333334,0.8733724933319366,2.2091119047619046,0.8901646022562216,SW
30,0.0,2.2733297619047623,0.8608982749662428,2.2592,0.8937023507555699,SW
31,0.0,2.2638678571428574,0.875134840435553,2.2831642857142858,0.8828838590084952,SW
32,0.0,2.2381857142857142,0.8395701833206611,2.2743130952380954,0.8829915091339579,SW
33,0.0,2.2694126984126983,0.8497355289728625,2.2888626984126987,0.91061152199237,SW
34,0.0,2.2317285714285706,0.8912393493335298,2.235747619047619,0.8786990141713309,SW
35,0.0,2.234939285714286,0.8902389685923644,2.244565476190476,0.8782622550715645,SW
36,0.0,2.244442857142857,0.8658885077455439,2.234197619047619,0.8624443168820943,SW
37,0.0,2.2290694444444443,0.9036620793677077,2.2123039682539685,0.8909266807787448,SW
38,0.0,2.257661904761905,0.8693492903542602,2.264044047619048,0.9034659639428139,SW
39,0.0,2.248265476190476,0.8819191752195311,2.2529226190476193,0.8965184612926228,SW
40,0.0,2.240261904761905,0.9172130758611177,2.2201384920634917,0.9042616968705212,SW
41,0.0,2.2625845238095237,0.8729253903895746,2.2497702380952385,0.8458713688634826,SW
42,0.0,2.242827380952381,0.8598119524070272,2.2306749999999997,0.8982706842016432,SW
43,0.0,2.228628571428571,0.8856117337711811,2.229254761904762,0.8791312793310143,SW
44,0.0,2.2545309523809522,0.8652422363130454,2.269720238095238,0.9048539284145758,SW
45,0.0,2.2801738095238098,0.9123188807639644,2.2808166666666665,0.8870947040167458,SW
46,0.0,2.275138095238095,0.8300912243122873,2.2957916666666667,0.8881968462675778,SW
47,0.0,2.271063095238095,0.8724515794208622,2.2847119047619047,0.8475638751405764,SW
48,0.0,2.2764650793650794,0.9094168555996074,2.282823015873016,0.9012048282079727,SW
49,0.0,2.2604547619047617,0.8721273288758408,2.2752250000000003,0.8923682576463702,SW
50,0.0,2.3010321428571423,0.9033653941261561,2.3015876984126984,0.8811739624628859,SW
51,0.0,2.2550202380952378,0.8552312445960312,2.2453035714285714,0.8400183225843912,SW
52,0.0,2.2404265873015876,0.8488381624114698,2.2448357142857143,0.840828697960565,SW
53,0.0,2.2465238095238096,0.905156797907515,2.2377726190476186,0.8535191452731387,SW
54,0.0,2.276915873015873,0.8931452316898975,2.2705289682539678,0.8911302244487168,SW
55,0.0,2.2533916666666665,0.8797976458676846,2.2421666666666664,0.8655475060681367,SW
56,0.0,2.254346428571429,0.8912659863298976,2.2584059523809525,0.8696769535369567,SW
57,0.0,2.235501984126984,0.8744055855196722,2.2430416666666666,0.8726391401043847,SW
58,0.0,2.2718249999999998,0.8596479795145162,2.267436904761905,0.8933956886862666,SW
59,0.0,2.221370238095238,0.8713622182315426,2.230161904761905,0.9338502464227142,SW
60,0.0,2.22332619047619,0.8463552084307561,2.227307142857143,0.8870692386287078,SW
61,0.0,2.2753269841269845,0.889414717542273,2.2858674603174602,0.8805728323129692,SW
62,0.0,2.2425119047619044,0.8895325866135497,2.238603571428572,0.8736994048549731,SW
63,0.0,2.2297190476190476,0.8808160888007492,2.2456690476190473,0.8578274555711923,SW
64,0.0,2.2826432539682537,0.8758784976340214,2.286005952380952,0.8794701437843735,SW
65,0.0,2.215421031746032,0.8938320143228898,2.2294428571428573,0.8825863211012344,SW
66,0.0,2.2784916666666666,0.8832518850518024,2.2746785714285718,0.8564566607616747,SW
67,0.0,2.2770829365079366,0.9027369503238826,2.2430714285714286,0.8677844616505219,SW
68,0.0,2.2354964285714285,0.8659795856317913,2.235765476190476,0.8939881639217282,SW
69,0.0,2.276164285714286,0.8900668682331142,2.254558333333333,0.8819355210353469,SW
70,0.0,2.2592440476190476,0.9103320095409997,2.2345297619047626,0.8932280935566033,SW
71,0.0,2.232292857142857,0.8733107293479974,2.2364988095238094,0.848117662599415,SW
72,0.0,2.2429142857142854,0.8781581052022615,2.2400333333333333,0.9009819894837797,SW
73,0.0,2.2388214285714283,0.8642493596414114,2.2472071428571425,0.8718852581984161,SW
74,0.0,2.280675,0.8601340917377696,2.2552916666666665,0.8528738340997494,SW
75,0.0,2.2655543650793653,0.9168219744224716,2.2591849206349206,0.8963831340926658,SW
76,0.0,2.2227738095238094,0.879918066477301,2.2318821428571427,0.9045755752987996,SW
77,0.0,2.241189285714286,0.8788979150428166,2.232289285714286,0.8753492483040808,SW
78,0.0,2.276695238095238,0.8809557015896231,2.232969047619048,0.8860124021176843,SW
79,0.0,2.2493059523809524,0.8763588243348226,2.2517452380952383,0.8877963773629233,SW
80,0.0,2.2517333333333336,0.8646830092235589,2.2360083333333334,0.8538159708071672,SW
81,0.0,2.2117619047619046,0.8810411937213909,2.207921428571429,0.9055765398077146,SW
82,0.0,2.2905,0.8874154822264699,2.281970238095238,0.8933834892818903,SW
83,0.0,2.261309523809524,0.8799913950955298,2.232997619047619,0.8846893731450506,SW
84,0.0,2.239410714285714,0.891459703216528,2.2610535714285716,0.8775189073676408,SW
85,0.0,2.2406595238095237,0.9002453717889571,2.2516821428571427,0.9179580563627148,SW
86,0.0,2.2674583333333334,0.8632412181761364,2.2667571428571427,0.8753946568868938,SW
87,0.0,2.235733333333333,0.8702068424327517,2.255847619047619,0.8890844311122867,SW
88,0.0,2.2382559523809524,0.8941549970193803,2.250040476190476,0.8973141524967579,SW
89,0.0,2.275152380952381,0.8924723215281679,2.2673130952380953,0.8868696670517326,SW
90,0.0,2.235963888888889,0.8796352988064815,2.22824126984127,0.867460036793983,SW
91,0.0,2.246517857142857,0.9214336666025917,2.222625,0.9053855518029591,SW
92,0.0,2.2562297619047618,0.9011386038343814,2.2531777777777777,0.8709434467244646,SW
93,0.0,2.2724992063492064,0.8733642568578361,2.2733670634920635,0.9038904637654449,SW
94,0.0,2.2609714285714286,0.8950569435387173,2.2644440476190475,0.8986083544276164,SW
95,0.0,2.3068095238095236,0.8900213359566443,2.2818928571428567,0.8832144316555184,SW
96,0.0,2.2131091269841274,0.8778271619348715,2.2163400793650796,0.8724125653184776,SW
97,0.0,2.252072619047619,0.889156459274113,2.2690690476190474,0.8652622808914995,SW
98,0.0,2.212960714285714,0.8928688556620626,2.2029035714285716,0.87941769015151,SW
99,0.0,2.2574988095238093,0.8651320708415466,2.2702464285714288,0.8812367614925282,SW
0,0.04,2.162999413179311,0.977246904581289,2.266631557840993,0.9521678585328329,BA
1,0.04,2.2399202595354137,0.954723833570551,2.2554633346430584,0.9289953317625607,BA
2,0.04,2.29453333839938,0.9872290460661256,2.208876104708137,0.9461277947851182,BA
3,0.04,2.2830645083621137,1.0575004343729462,2.2862609504316613,0.9427498847247382,BA
4,0.04,2.1911029037021543,1.0349393418167983,2.2883307580552317,0.9784749713982415,BA
5,0.04,2.2259624914305864,0.9814495491681001,2.2985091423751083,0.9508746335433719,BA
6,0.04,2.296298579007358,1.0113330410919386,2.2266994640971225,0.9259291156346022,BA
7,0.04,2.204381581573335,0.9713927740171376,2.2144822494317733,0.9374872925496778,BA
8,0.04,2.3010734884430026,1.0352150163712077,2.234216113361015,0.9653636529568164,BA
9,0.04,2.2049567418899674,0.9763609419305526,2.267665590548977,0.9081060010599099,BA
10,0.04,2.306562554835602,0.9993162681818799,2.278077758225029,0.9304395390450352,BA
11,0.04,2.2939632984871494,1.0224657801842345,2.3023707429361067,0.9244867223140403,BA
12,0.04,2.229815430669036,0.9495351868386259,2.2443338841191642,0.9372459767102451,BA
13,0.04,2.392001632297631,1.0437748177060946,2.237375382067735,0.9059175255122129,BA
14,0.04,2.3185480382751966,1.0239684259263795,2.2491186997166928,0.9465994754191224,BA
15,0.04,2.172444338169255,0.976319282492555,2.2544932563249542,0.9305377798462268,BA
16,0.04,2.2218505206273456,0.986745873655802,2.2659104563054573,0.940892602432292,BA
17,0.04,2.251644591917212,0.9952489092285812,2.2456035483394383,0.935876545668276,BA
18,0.04,2.3469271997731593,1.0289459057541848,2.2409404423126915,0.9254479897433248,BA
19,0.04,2.225905965604924,1.0022617005596226,2.2648650396833743,0.9188642324319852,BA
20,0.04,2.222757965729662,1.0408717032832189,2.2112958521021717,0.9187869006437652,BA
21,0.04,2.1808985189405914,0.9692673831241491,2.291784655505824,0.9181168284754079,BA
22,0.04,2.281380004595859,1.0321480340758071,2.223343247649338,0.9559896104151083,BA
23,0.04,2.289698046113024,0.9756387068933058,2.247133091833076,0.9547536185587601,BA
24,0.04,2.269228634876398,1.0129459568908303,2.2878284661323125,0.9569976299744716,BA
25,0.04,2.292111002367417,1.0180569027698705,2.2820351399645906,0.9687292340071949,BA
26,0.04,2.1975516019420134,0.9898935894184491,2.3103270412039594,0.9238984046544363,BA
27,0.04,2.2288690366263126,0.9815663524405741,2.1713564468781543,0.9567686865191373,BA
28,0.04,2.2747802931319483,1.0037219851598898,2.2278028596829964,0.9708308541051852,BA
29,0.04,2.3234305171555323,1.0225504691112968,2.2923998931814293,0.8829097065514047,BA
30,0.04,2.1572901896910617,0.9586333670672129,2.2051348958885804,0.9040293925249718,BA
31,0.04,2.2841349684097674,1.0339454254988896,2.255122325830587,0.9514521883721969,BA
32,0.04,2.256986565560857,1.021160662678502,2.1824334825529217,0.9195749824720327,BA
33,0.04,2.2844314107986565,1.0317120494101066,2.273172849277362,0.9222543637702721,BA
34,0.04,2.2942310533787795,0.9773709925900618,2.258673966740159,0.913075702169846,BA
35,0.04,2.3054297931649548,1.0271034024835288,2.252368151787334,0.9472538409565567,BA
36,0.04,2.335618620768654,0.9992031930827486,2.2693743071967436,0.9247938374344075,BA
37,0.04,2.251745253838765,0.9718045483681688,2.2504130246583736,0.932833107295234,BA
38,0.04,2.290844104210699,1.0336851467762227,2.193286615687788,0.9171420596504531,BA
39,0.04,2.251595820121727,0.9958136679017506,2.2276531496159016,0.923060035560683,BA
40,0.04,2.2788501145230446,1.0206843658362448,2.2633185016290254,0.923505057616047,BA
41,0.04,2.222771083936489,1.001398665785773,2.256049960069901,0.9715359224969066,BA
42,0.04,2.281690227798856,1.0132258708941015,2.2088652812791825,0.9063203357576733,BA
43,0.04,2.211126610411061,1.0313175788947495,2.2153944543850574,0.9456353313260824,BA
44,0.04,2.2184030895831603,0.9961917077570923,2.213330913715765,0.9685963930913968,BA
45,0.04,2.203354848132635,0.9999737079289012,2.2431281639616683,0.930347327526587,BA
46,0.04,2.2195263980995312,1.014112286139534,2.244158633971758,0.9587819298293145,BA
47,0.04,2.36345509164518,1.0346483071255932,2.2614420638605126,0.9195051071501142,BA
48,0.04,2.272494128931973,0.9873867948749695,2.2564348025168375,0.94057279281507,BA
49,0.04,2.1965258895896964,0.9867322580534906,2.2297436703209548,0.9323200529900006,BA
50,0.04,2.190877169666459,0.990215089393913,2.1854888116588844,0.9453150390788844,BA
51,0.04,2.1920033507896495,0.9943616479233452,2.195445971663002,0.9271403443403832,BA
52,0.04,2.280570311539056,1.00113037440002,2.2207398198644186,0.9396832538893755,BA
53,0.04,2.203347925577779,1.0494589392890104,2.2166934059572228,0.9166133667929043,BA
54,0.04,2.164949717385519,1.0265299207011942,2.2409829977705313,0.9340091343349294,BA
55,0.04,2.1572542062648927,1.0392275412552157,2.2220818647226315,0.9514242399421817,BA
56,0.04,2.2675733990124805,1.0064212890787827,2.233153058708469,0.9338712700671827,BA
57,0.04,2.3113710456859278,1.0135744181146316,2.275965995837696,0.9298074045882069,BA
58,0.04,2.29385756560871,1.0448964246749295,2.209476096070903,0.9468650385285645,BA
59,0.04,2.3048688496930128,0.9606167841945356,2.225827005348343,0.8897782413347597,BA
60,0.04,2.333083805243273,1.019412486557884,2.2283091563049546,0.9368863482084265,BA
61,0.04,2.2966016857894624,1.0452058259026145,2.3327143391694185,0.9507111730883522,BA
62,0.04,2.2348257846474713,1.0303963190163883,2.2648364497232145,0.9899676581822708,BA
63,0.04,2.3049362552976738,1.0043602270321839,2.2533497416291457,0.9171754866916566,BA
64,0.04,2.231315646347522,1.0009107663546257,2.272240722309418,0.9256648993573181,BA
65,0.04,2.2564359503639686,0.9889864048410394,2.2251200332971743,0.9470888602275781,BA
66,0.04,2.2577754918084807,1.0169590485699442,2.2740924729262395,0.9390945054744894,BA
67,0.04,2.3670143307874887,1.006588881695865,2.239179670456182,0.8815204599200576,BA
68,0.04,2.197535377486308,1.0179503861153827,2.2655615756425913,0.986805303012749,BA
69,0.04,2.2557843117924,0.9965649011330254,2.2334627127360314,0.9360963669758402,BA
70,0.04,2.3129204445183795,1.0198679929527326,2.246635074407236,0.9188598911914823,BA
71,0.04,2.218259285773249,1.0034236894592723,2.250005378552303,0.88424463710086,BA
72,0.04,2.260136209020915,0.9814745451626048,2.223047933901583,0.9125219889668815,BA
73,0.04,2.1878469078533946,1.023161759975293,2.252605675320437,0.926632687048452,BA
74,0.04,2.20492993899963,0.9783743160697026,2.2089811026275856,0.934326973834434,BA
75,0.04,2.23619306363279,0.9755911244661819,2.2459277059039024,0.9489923284994805,BA
76,0.04,2.251010179631382,1.0133162620746843,2.2028544534501076,0.9552329792293306,BA
77,0.04,2.2760827504404726,0.9696884548619389,2.2763851698388344,0.9269666113722614,BA
78,0.04,2.3088794448829675,1.0004642489789066,2.2187801607576985,0.9182537996285735,BA
79,0.04,2.2166572112917575,0.9642000279673676,2.2654153492026423,0.9117433021112078,BA
80,0.04,2.1820622750101855,1.0024945034100636,2.297633405863299,0.9318514242332527,BA
81,0.04,2.265297559846015,1.0086818626418856,2.289188582514633,0.9320543692737208,BA
82,0.04,2.2362313017304523,1.0345911169365043,2.251941036727465,0.9420381909553172,BA
83,0.04,2.3538224715881566,0.9651372480295699,2.2633568213896686,0.9346667297691782,BA
84,0.04,2.2304654844611216,1.005297030673172,2.2390555764857067,0.936691649095023,BA
85,0.04,2.2762669820020154,1.0147965923128306,2.2357244176477433,0.9498851275127889,BA
86,0.04,2.2531449219894393,1.0108099185448338,2.2461242857026575,0.9705253246100952,BA
87,0.04,2.309087284973715,0.9677127739962202,2.2732801108970735,0.9343162326458985,BA
88,0.04,2.2194699018323236,1.0370269789538493,2.239433165357773,0.9491302676120456,BA
89,0.04,2.2422709422475338,0.9808626574088988,2.2316360541036766,0.9661921359257368,BA
90,0.04,2.187262732790635,1.0588070709961201,2.2678846669160775,0.9256641360601503,BA
91,0.04,2.1887397819311647,1.0213680212532332,2.246637341030723,0.9211191049806567,BA
92,0.04,2.298279632903685,1.0599682828576764,2.217058998313884,0.92337799652733,BA
93,0.04,2.307236664621065,0.9692689943875995,2.2698984327280383,0.9334408913801183,BA
94,0.04,2.0605323015493084,0.992261479588704,2.2126803793530625,0.924138993945296,BA
95,0.04,2.346559445643436,1.0287913423243045,2.2625571936703643,0.9747626904348772,BA
96,0.04,2.2937684101874427,1.009564356337871,2.2638351679899262,0.9406106658947792,BA
97,0.04,2.324708537401919,0.989848531085043,2.2717869044131347,0.9407862026081871,BA
98,0.04,2.237711737431299,1.0222301953050836,2.262474548837353,0.9310746867596695,BA
99,0.04,2.1431639069073363,0.9667625120204778,2.2743430595538037,0.9495098430845814,BA
0,0.05,2.245713106338106,0.9697764912616812,2.2275219995690585,0.852116724071827,ER
1,0.05,2.2352117105117104,0.9664370390085938,2.232974697524697,0.9145677598551295,ER
2,0.05,2.22332977022977,0.9669076486172773,2.2086637640137643,0.9056977134643663,ER
3,0.05,2.223966097791098,0.9529373541047751,2.2025889443889444,0.8626994805413695,ER
4,0.05,2.27396443001443,0.9469337105132687,2.255745063270063,0.8601571807397272,ER
5,0.05,2.221201642801643,0.8906932428672085,2.2339931068931067,0.8668443483810344,ER
6,0.05,2.2936826173826175,0.9517971809041212,2.287691876179376,0.8841752625320872,ER
7,0.05,2.2248509296259296,0.8878582165362603,2.2367544039294045,0.902175889510606,ER
8,0.05,2.214851809301809,0.941182706419506,2.255344619269619,0.8224699813674928,ER
9,0.05,2.274715379065379,0.9848328262350856,2.243593323343323,0.8581866686025877,ER
10,0.05,2.225862323787324,0.9335639621741281,2.2369200410700416,0.8863840326703188,ER
11,0.05,2.2508950937950933,0.9412483614085401,2.238733369408369,0.8599169162081173,ER
12,0.05,2.2189499195249196,0.9498248266236001,2.2454205294705294,0.8349098982988556,ER
13,0.05,2.2392760295260294,0.9317938892911789,2.2371241674991675,0.8958166722349854,ER
14,0.05,2.2690317293817293,0.9041575207312711,2.2816055083805087,0.8636228893948862,ER
15,0.05,2.198054256854257,0.953054578597158,2.234115587190588,0.914846765519449,ER
16,0.05,2.2924820152070153,0.9476848783004187,2.24419517982018,0.8865749440207331,ER
17,0.05,2.2586079406704407,0.9848013618755118,2.2751111402486406,0.8740650379755628,ER
18,0.05,2.2562854229104228,0.9404972924136599,2.216639402264402,0.8495926422772804,ER
19,0.05,2.2336792651792647,0.9212647863850545,2.2562056859806856,0.8581417034883303,ER
20,0.05,2.2467579254079255,0.9345122513504495,2.2424014485514485,0.8799483401096161,ER
21,0.05,2.2265390498390496,0.9416748837898342,2.2825055194805195,0.9053743720554359,ER
22,0.05,2.226767524142524,0.9667125269586124,2.229974630924631,0.8328747629076884,ER
23,0.05,2.2347627372627374,0.9271876932096169,2.2452771645021645,0.8602848899924923,ER
24,0.05,2.271099439449439,0.9362539368634708,2.2711021367521367,0.8887219076412148,ER
25,0.05,2.2166983655233654,0.9291934075101788,2.2148185342435345,0.8460439153981135,ER
26,0.05,2.2000231171606175,0.9539134757043883,2.210724295149295,0.8639349548390297,ER
27,0.05,2.2260333055833055,0.9167131170959022,2.2574723304473303,0.8423972280694463,ER
28,0.05,2.2852269896769895,0.9189038205569351,2.243624517149517,0.9076246791580861,ER
29,0.05,2.28286235986236,0.9499562559687239,2.253851182151182,0.8729749893004838,ER
30,0.05,2.239342263292263,0.9186128226779279,2.2551175962925964,0.8782811506502448,ER
31,0.05,2.2397176462426462,0.920933424481652,2.2365150765900768,0.8821091530295104,ER
32,0.05,2.2585362609612614,0.9252048732705486,2.24220704018204,0.8884806944776175,ER
33,0.05,2.228593434343434,0.9182635375653277,2.260405355755356,0.8798911573110958,ER
34,0.05,2.2527808996558996,0.953453293091388,2.2427889443889444,0.885523615353716,ER
35,0.05,2.2122005716505715,0.943835373171138,2.205921844821845,0.87382234955051,ER
36,0.05,2.2486933580308577,0.988031251333911,2.2666140248640247,0.8876142788056998,ER
37,0.05,2.2558563991563987,0.9478672350647992,2.2367439088689087,0.8296250192654244,ER
38,0.05,2.229160631035631,0.9768720974324451,2.193460395160395,0.9015829666281616,ER
39,0.05,2.2341055444555447,0.9500609742111398,2.1912823426573427,0.8667719837446658,ER
40,0.05,2.2577643523143522,0.9434318336322248,2.268809679209679,0.8317359112633126,ER
41,0.05,2.2718812576312577,0.9403931191075368,2.2790339410589415,0.8634402688764666,ER
42,0.05,2.2478144189144187,0.9439132698958693,2.198456834831835,0.8658898071827866,ER
43,0.05,2.232902591852592,1.0117745261370426,2.2207468059718063,0.9436396676538559,ER
44,0.05,2.32592548978799,0.9537729573902068,2.2965499111999113,0.8234321227809842,ER
45,0.05,2.242752064602065,0.9782077029607708,2.2163510933510935,0.837783513905789,ER
46,0.05,2.3152272505272506,0.9041314732162132,2.2791078282828283,0.8593988557194835,ER
47,0.05,2.2559721583971584,0.9058913738974055,2.2351025974025975,0.8891036469424134,ER
48,0.05,2.253874592074592,0.967896718622768,2.210020290820291,0.8733758315699631,ER
49,0.05,2.2731399322899324,0.9496050500605493,2.2796084027084027,0.8708513981815228,ER
50,0.05,2.2985412143412147,0.9282553534675038,2.2669784021534025,0.8860046838630398,ER
51,0.05,2.263266128316128,1.0026328328900833,2.2880191058941057,0.8889799120719712,ER
52,0.05,2.285636047286047,0.9326895596415575,2.2899859113109113,0.8601536567927646,ER
53,0.05,2.2337188478188477,0.9832067085933305,2.226807847707848,0.8733614911194673,ER
54,0.05,2.1925730325230326,0.9361657755610703,2.2400381035631036,0.907147116341866,ER
55,0.05,2.1685756465756465,0.9390954358934133,2.182328896103896,0.8719364824634499,ER
56,0.05,2.2272813797313797,0.9687041746478868,2.258909773559773,0.8793459909829748,ER
57,0.05,2.2402698773448773,0.9611510937820856,2.253988239538239,0.8496951703321665,ER
58,0.05,2.1992428349428352,0.9717509844623315,2.2290132395382396,0.908363593726211,ER
59,0.05,2.2374522505272507,0.9290427496234032,2.214994486069486,0.8245537176800639,ER
60,0.05,2.2730437784437787,0.9573307240475212,2.2211349178599176,0.8675654024107243,ER
61,0.05,2.1949973387723385,0.9604637007324971,2.165240437340437,0.8726307908896224,ER
62,0.05,2.173244227994228,0.9487404365650616,2.229744957819958,0.8638997284590803,ER
63,0.05,2.2407680735930735,0.9255669903771242,2.2529671078921076,0.849290866111049,ER
64,0.05,2.2011099872349873,0.9333808589769618,2.2437769161394163,0.899226717207816,ER
65,0.05,2.2742491369741367,0.9453463881668491,2.264951257076257,0.8560298166028756,ER
66,0.05,2.2537033882783883,0.9254103121882757,2.2282256854256857,0.9155283579357328,ER
67,0.05,2.2236760225885224,0.8932531923442647,2.249793851981352,0.8602870602030191,ER
68,0.05,2.2697935452619276,0.944886147698495,2.25397283353901,0.8614437258431876,ER
69,0.05,2.2289079125552806,0.9441516131452123,2.252048039533566,0.8835948195945447,ER
70,0.05,2.281579922854923,0.9949316267460937,2.241791833166833,0.8602640318737914,ER
71,0.05,2.2430967338217336,0.9452786668409255,2.266731542069042,0.8846650959267559,ER
72,0.05,2.229632338494839,0.9684380684249041,2.2423166902541904,0.9026024330239665,ER
73,0.05,2.2463029526029525,0.9702421790455031,2.237027555777556,0.8919204519967143,ER
74,0.05,2.2510517288267287,0.9319349602417335,2.2504347319347318,0.8606688831238729,ER
75,0.05,2.2235427294927295,0.9683646545186556,2.2278813186813187,0.8674731478465535,ER
76,0.05,2.2087387043512043,0.98252640835881,2.2285325452325453,0.8879617233630202,ER
77,0.05,2.253884593184593,0.9196559707172508,2.241851123876124,0.8923244254585189,ER
78,0.05,2.2664697163947163,0.9546059113163716,2.2639408147408147,0.8571930509016568,ER
79,0.05,2.2386461117314056,0.946644910857367,2.2337110675272442,0.893463350754046,ER
80,0.05,2.278076465201465,0.9621920010174668,2.2310486513486514,0.8735188503095683,ER
81,0.05,2.286961804861805,0.9320645566952621,2.2993166860916863,0.8805399971698941,ER
82,0.05,2.2293297674547676,1.015251292189351,2.2899649988899986,0.8907821676666413,ER
83,0.05,2.2553447191697193,0.9654068143987378,2.2449940809190814,0.8693081966976427,ER
84,0.05,2.247142313242313,0.971756039269045,2.2421201381951383,0.8492722375116614,ER
85,0.05,2.2498586205461204,0.9893563238285423,2.2723870296370294,0.8595764561606123,ER
86,0.05,2.2219977855477855,0.9289683669053597,2.2473316822066827,0.8461203984343326,ER
87,0.05,2.2574623639432465,0.9639672841361854,2.248796076799018,0.8588356424419721,ER
88,0.05,2.241421668609169,0.9467361272403682,2.2635740190365192,0.8905247943471191,ER
89,0.05,2.2528895132645133,0.9856329717235767,2.2626975385725387,0.8804813951073993,ER
90,0.05,2.2859394484600366,0.9924799275120149,2.274386197136197,0.8757355604318833,ER
91,0.05,2.243967271617272,0.9379597763938787,2.280723204573204,0.8784249301957677,ER
92,0.05,2.2227518675768674,0.9622370944234526,2.1951311327561327,0.8956786030799793,ER
93,0.05,2.2761991258741254,0.9451266950727225,2.2364524253524256,0.8613508332031872,ER
94,0.05,2.2421900932400933,0.9709966653899087,2.2661187007437005,0.8466950550216792,ER
95,0.05,2.2228397186147184,0.9192640294458603,2.2350472166722164,0.8330182545269912,ER
96,0.05,2.2038286796536797,0.9338284963595893,2.1872793706293705,0.8524947605758707,ER
97,0.05,2.260857836607837,0.9794617045164841,2.21206206016206,0.8933004170419082,ER
98,0.05,2.235124195249195,0.9314533152149557,2.2255369630369626,0.8818453021443079,ER
99,0.05,2.2930247475950263,0.9794181145132639,2.2859416598623254,0.8687084125586729,ER
0,0.0,2.1814962648462646,1.0146222539483105,2.2288142746142747,0.9570587441700826,ER
1,0.0,2.239697263847264,1.0192603350248919,2.247551665001665,0.9982811683304291,ER
2,0.0,2.2763453185703186,0.9380430723881338,2.2756853119103115,0.9389443267684539,ER
3,0.0,2.2556246336996337,0.9426154491232099,2.2772192834942833,0.973606240091532,ER
4,0.0,2.2750934093684094,0.9753172006833251,2.2544201631701632,0.9967962464928207,ER
5,0.0,2.261345576482341,0.9437422983827582,2.2693482415460355,0.952075579630176,ER
6,0.0,2.2437670551670554,0.9591484053390319,2.262349296536797,0.9570503341703271,ER
7,0.0,2.27119580974581,0.9706187728683546,2.3007058386058388,1.000974976340811,ER
8,0.0,2.2871059579309576,0.985891004128111,2.275876467976468,0.9404301837037852,ER
9,0.0,2.220296750471751,0.9693409267243775,2.227167307692308,0.9971231159591946,ER
10,0.0,2.222037869646693,0.9511522286367896,2.2588871967901376,0.9353101759900525,ER
11,0.0,2.2868372682872677,0.9718846270288933,2.244780902430902,0.9385788432751027,ER
12,0.0,2.232025613275613,0.9416569316332623,2.217401239038739,0.9354633184689851,ER
13,0.0,2.206521153846154,0.9363949266244028,2.2640669011544015,0.9904069939214962,ER
14,0.0,2.2182494505494508,0.9314189822472672,2.2306991536241534,0.9223990169171008,ER
15,0.0,2.25210772005772,0.9399406485532338,2.257801373626374,0.9252264633428786,ER
16,0.0,2.2678158813408813,0.9629997295107995,2.250505932955933,0.9899763428299678,ER
17,0.0,2.235794388944389,0.9832460938138587,2.2036710095460093,0.9642766403933811,ER
18,0.0,2.2990813075813077,0.9115373438472757,2.3143775530025534,0.958841093710132,ER
19,0.0,2.289091669441669,0.9615789901175946,2.2747419358419356,0.9576029031126979,ER
20,0.0,2.2124184373375164,0.9484779798331499,2.2233996388114807,0.9388828470426736,ER
21,0.0,2.233428202353202,0.9872463963166024,2.230323859473859,0.9794196099536516,ER
22,0.0,2.2607159590409593,0.9399599727890974,2.237617332667333,0.9332753901983297,ER
23,0.0,2.2386643564768565,0.9425106890909783,2.21488547008547,0.9352557395646195,ER
24,0.0,2.2416744103119104,0.951198722573984,2.2397437631812633,0.9303314236676942,ER
25,0.0,2.2505392551892553,0.9623360548897227,2.237812332112332,0.9391555054698,ER
26,0.0,2.259370336444601,0.9667058556316241,2.2259270482785185,0.933261603260145,ER
27,0.0,2.2257015623265626,0.9200291251068023,2.2333340714840717,0.8935069806416575,ER
28,0.0,2.2272437950937953,0.9425721557522817,2.227522977022977,0.9785018562728334,ER
29,0.0,2.223677886002886,0.9634310786581717,2.2544465784215784,0.9855194746912808,ER
30,0.0,2.2631945387945387,0.9811831354463408,2.2669866883116883,0.9099252488019315,ER
31,0.0,2.250420263070263,0.9537216535547881,2.2841868215118217,0.930113147382783,ER
32,0.0,2.2552129592629595,0.9488183348196895,2.2511023809523807,0.9418929962682522,ER
33,0.0,2.2401391108891113,0.9404399394364304,2.2543720695970695,0.9413389429270531,ER
34,0.0,2.259388159063159,0.9597572747391944,2.2465807803307802,0.9601127690768614,ER
35,0.0,2.2361016872016872,0.9710003194358648,2.259742019092019,0.9240560058973745,ER
36,0.0,2.23382620990121,0.9756381657858652,2.2277050976800976,1.0007400609412,ER
37,0.0,2.2772498945498945,0.9543772807462185,2.2693342213342214,0.9939692870956185,ER
38,0.0,2.2318680014430017,0.9436263127450719,2.2456985986235987,0.981776751031729,ER
39,0.0,2.2938955155955156,1.0203577623034554,2.2534541819291816,0.9779050681631264,ER
40,0.0,2.2841533383283386,0.939088306348102,2.25097244977245,0.9364158143386455,ER
41,0.0,2.215317007992008,0.9648736470943088,2.231564907314907,0.9541402594979304,ER
42,0.0,2.2620592213342214,0.9796534715446347,2.2830338272838273,0.9673430956349525,ER
43,0.0,2.294057781107781,0.9796288137503979,2.295898687423687,0.9535031043864112,ER
44,0.0,2.21178643023643,0.9762636328596606,2.265330855255855,0.9897438751704054,ER
45,0.0,2.3155150224775225,0.9198776753247553,2.3046580044955043,0.9288470873837952,ER
46,0.0,2.2476290875790874,0.9663549908179891,2.244055463980464,0.966544876985655,ER
47,0.0,2.241204334554334,0.9895514427246086,2.2166010545010546,0.974598270745575,ER
48,0.0,2.262048090798091,0.9275958849185013,2.2629429625929625,0.9385186881547104,ER
49,0.0,2.249787053224553,0.932773510749981,2.266296647796648,0.9269134119479127,ER
50,0.0,2.2560125485625484,0.9322523858639763,2.2457386724386725,0.9530851508896323,ER
51,0.0,2.213252561327561,0.9675641150879714,2.2381212093462093,0.9564919908813659,ER
52,0.0,2.249225851925852,0.976856243532885,2.259906424131424,0.9445794084796245,ER
53,0.0,2.2667885225885227,0.9435130367980982,2.248716247641248,0.9200514981246178,ER
54,0.0,2.2576795926295925,0.9266088518259074,2.2343653443778444,0.9365774033766292,ER
55,0.0,2.2785625346875347,0.927045988266786,2.2647087690087693,0.9225059451323452,ER
56,0.0,2.2597394910644906,0.9446470224648452,2.212563034188034,0.908348339872022,ER
57,0.0,2.193924523842171,0.9414279814448409,2.188369746266805,0.9105705048315516,ER
58,0.0,2.2624543012543015,0.9190364865482671,2.2503967754467755,0.9051004371158385,ER
59,0.0,2.2138914613164618,0.9469022090091965,2.2178315739815737,0.9596959235985147,ER
60,0.0,2.2654029301580776,0.9701341635157364,2.2476509956546726,0.9992358631084922,ER
61,0.0,2.2634503996003996,0.9809742428498098,2.266246103896104,0.999646128080269,ER
62,0.0,2.2272478743478743,0.9510982663968597,2.2299301420801423,0.9356564893423406,ER
63,0.0,2.2316905788655785,0.9560796574039008,2.238526465201465,0.9003038447954385,ER
64,0.0,2.250862207237207,0.9430096409413058,2.2765594211344213,0.9671078041610449,ER
65,0.0,2.239339137251637,0.9214883012620605,2.236103796203796,0.9419485329714132,ER
66,0.0,2.2421483100233104,0.8920792427098947,2.2251067876567876,0.9197786018293732,ER
67,0.0,2.3077714119214114,1.0101038265883684,2.2672269702519707,0.9761240475353203,ER
68,0.0,2.2547169080919085,0.9584346372227721,2.2691322025197023,0.9778332687511563,ER
69,0.0,2.2618429431679434,0.9135766829772827,2.270304131979132,0.9504688922345245,ER
70,0.0,2.2598341214341215,0.9387474620175802,2.2424322177822176,0.9516855151781396,ER
71,0.0,2.2102941974691976,0.9693147916622518,2.2265459373959375,0.9217618500337379,ER
72,0.0,2.233990684315684,0.9549568509472106,2.2414966144966146,0.9594997969280045,ER
73,0.0,2.2323894771894777,0.9295208326737581,2.2734267205017202,0.9730584682651613,ER
74,0.0,2.233604215229215,0.9138295024322711,2.2276571761571757,0.9217859028430262,ER
75,0.0,2.2996774392274393,0.9162478103270925,2.297536272061272,0.938498123244914,ER
76,0.0,2.2974316378066377,0.9453178971240521,2.3066375707625713,0.9229932092663801,ER
77,0.0,2.294214948939949,0.9746412914862543,2.2900351315351317,0.9727712889699488,ER
78,0.0,2.276397798035298,0.9635747114357396,2.2494476440226436,0.942209303185207,ER
79,0.0,2.2260811050061053,0.9331255183529419,2.255629939504939,0.9883453814305316,ER
80,0.0,2.236609512709513,0.9706836394429882,2.2641198218448215,0.9556745908452136,ER
81,0.0,2.2710153735153735,1.0047936050007695,2.2454546564546565,0.9939332180623811,ER
82,0.0,2.292053368853369,0.9357989975700782,2.2868736763236766,0.9429053338095179,ER
83,0.0,2.2377820207570207,0.9224672473605319,2.2356657509157514,0.9734039597262065,ER
84,0.0,2.291115087690088,1.0120384151467352,2.3191479353979356,0.9871915898701004,ER
85,0.0,2.260740687090687,0.9294757123124003,2.261995973470974,0.9563194131366112,ER
86,0.0,2.2266801254301254,0.9505798863891536,2.2336015429015426,0.9789742743390915,ER
87,0.0,2.275138084138084,1.0021712838398118,2.272473468198468,0.9417717967007845,ER
88,0.0,2.2300796453546456,0.966776142344484,2.232548221223221,0.9283645044299509,ER
89,0.0,2.2797866272616276,0.9416644971064713,2.2858730103230105,0.9623049316392176,ER
90,0.0,2.1957798362585126,0.9225727045381569,2.2282160734690146,0.9585590763662902,ER
91,0.0,2.2091028832278834,0.9507372564733543,2.207779709179709,0.975199615202543,ER
92,0.0,2.226800777000777,0.9021308744493209,2.2389733127983127,0.983968903059769,ER
93,0.0,2.2343497946497948,0.9676011171945513,2.2029544871794875,0.9675485964458197,ER
94,0.0,2.2441167277167278,0.9622056462882413,2.223645543345543,1.000976253507303,ER
95,0.0,2.28287316017316,0.9656528426515318,2.2263470418470415,0.9565013473586224,ER
96,0.0,2.259232484182484,0.963410865092037,2.2659596486846487,0.9818510688469015,ER
97,0.0,2.2256499583749583,0.9578823140317265,2.1980440920190922,0.9613323120546494,ER
98,0.0,2.217310767010767,0.9790954917814363,2.217577465589966,0.9625893128850174,ER
99,0.0,2.308961496836497,0.9862703774499118,2.2769753330003333,0.9401852861241333,ER
0,0.01,2.2569898712398713,0.9285447856846968,2.238156048118548,0.8605288608653978,ER
1,0.01,2.2245665029415025,0.9622654736354116,2.2646980463980464,0.8711982197779259,ER
2,0.01,2.243380902430902,0.9764476901814572,2.2309156066156066,0.8600083447426925,ER
3,0.01,2.186689397204103,0.9458901767639951,2.2553388250638253,0.90605588426554,ER
4,0.01,2.2355823010323013,0.9831005419989686,2.238055106005106,0.8815079332455961,ER
5,0.01,2.3068739094239095,0.9715500750624549,2.2669631424131427,0.8503553483510178,ER
6,0.01,2.2381633260530323,0.9513214519584078,2.2405057159343924,0.88778035237884,ER
7,0.01,2.2059704267954268,0.9593481751894166,2.2353240634365634,0.8468427167697306,ER
8,0.01,2.2539974025974026,0.9614472807626641,2.272550807525807,0.8723225593705859,ER
9,0.01,2.2441799506049507,0.9596722352541367,2.263304342879343,0.8676697541680155,ER
10,0.01,2.2397445815622286,0.9602615555072531,2.2659965036597387,0.8232349258821221,ER
11,0.01,2.307852331002331,0.9798651412047912,2.2499055805305805,0.8662718636096937,ER
12,0.01,2.2274653669859554,0.9813837462202554,2.2081393983467517,0.8368735964566558,ER
13,0.01,2.2239211788211786,0.9464067273594292,2.2577902708402706,0.8753512688346107,ER
14,0.01,2.225197145909646,0.9446184102718036,2.2569499777999775,0.870629721732959,ER
15,0.01,2.1872516344766346,0.9761642544284455,2.198935195360195,0.830404327727223,ER
16,0.01,2.306220326895327,0.9588689485995852,2.2434299256299255,0.8785454476001427,ER
17,0.01,2.2147078421578423,0.9326570856208141,2.2119741119991123,0.8574601557363833,ER
18,0.01,2.2544151015651015,0.9460848126896323,2.2193427059052055,0.8673147152096838,ER
19,0.01,2.2469614968364966,0.9297471734577453,2.2080562326562325,0.8327509804671113,ER
20,0.01,2.282469216894217,1.0044647239292814,2.236753221778222,0.8511914434950993,ER
21,0.01,2.2332499472749476,0.9539068451915836,2.2187323121323126,0.8994704383836066,ER
22,0.01,2.180847483072483,0.9298955055462432,2.2067019619269614,0.8677442516441265,ER
23,0.01,2.251312808025308,0.9297014088099493,2.2694717990342994,0.8420215016432608,ER
24,0.01,2.2159348845598843,0.9785636994627299,2.2299771922521923,0.8789473313751329,ER
25,0.01,2.2873148185148184,0.9735946781095818,2.3156628926628926,0.8865611794669459,ER
26,0.01,2.238618301143301,0.9731948478640633,2.239606426906427,0.8766673842689431,ER
27,0.01,2.2342330086580087,0.9837906515792628,2.247588683538684,0.8329892240362521,ER
28,0.01,2.2929866328116333,0.9351174712089906,2.244506912531912,0.8600311756166719,ER
29,0.01,2.2445096942273413,0.939156698221029,2.2386321270233034,0.8375325763131867,ER
30,0.01,2.275698485174956,0.955582796364097,2.2752217829556067,0.9017829429388257,ER
31,0.01,2.2722060106560105,1.0114359289552164,2.287700951825952,0.8771101764323486,ER
32,0.01,2.28787611538788,0.9808558861003086,2.291657898963781,0.8886888477282853,ER
33,0.01,2.2967720251970256,0.9806432141994492,2.260828477078477,0.8589098098820265,ER
34,0.01,2.274154581529581,0.93374596968266,2.257059090909091,0.9031929981275845,ER
35,0.01,2.2896995892995893,0.9521786516243679,2.2569264915639913,0.8591912987461335,ER
36,0.01,2.255060728160728,0.958650351052275,2.2371162726162725,0.8477382854977208,ER
37,0.01,2.269473645798646,0.9446989650170481,2.2395260933510936,0.8344673038866052,ER
38,0.01,2.231955792818293,0.9820135148115486,2.23737586025086,0.8804378640976364,ER
39,0.01,2.257412315462316,1.034937438275339,2.2542489010989013,0.8947831049550667,ER
40,0.01,2.2747729062604063,0.9342945269041701,2.259550899100899,0.8604391639669902,ER
41,0.01,2.2499454739704743,0.9524675418626494,2.2633171245421244,0.8724200263839115,ER
42,0.01,2.272557778332778,0.9372355081393109,2.236820743145743,0.8352260176769442,ER
43,0.01,2.2491527000777,0.9514124339782787,2.2238116799866803,0.853283815540835,ER
44,0.01,2.238175152625153,0.9387705321166376,2.2603114607614607,0.8593639513521372,ER
45,0.01,2.25962306998557,0.9953119871913134,2.2616083152958155,0.8749778265531836,ER
46,0.01,2.2476958319458316,0.9807631073650367,2.2477956765456764,0.9071226051920311,ER
47,0.01,2.2165929015429016,0.9986156645585517,2.2165332750582754,0.9016694763663626,ER
48,0.01,2.2508658452658454,0.937153826885948,2.2515552336552336,0.8243969268675381,ER
49,0.01,2.2532059523809527,0.9551100011652587,2.3230080086580087,0.8791172067380707,ER
50,0.01,2.2616118964368965,0.950491105357272,2.2389995920745918,0.8286685094874162,ER
51,0.01,2.2094969956514077,0.991853080734384,2.2193252268972854,0.8495891996530308,ER
52,0.01,2.247947312409812,0.9491150138759925,2.238216085303585,0.8778353733205304,ER
53,0.01,2.230104587079587,0.9090473550244541,2.2271332278832277,0.8894662932181268,ER
54,0.01,2.2346477466977466,0.9550256656249306,2.246170462870463,0.8514257442680717,ER
55,0.01,2.260703324453324,0.9689633535105716,2.252493412143412,0.8833553866415891,ER
56,0.01,2.292340084915085,0.9524480240539605,2.2852818847818854,0.8697310057142755,ER
57,0.01,2.2906691835941837,0.933272647443192,2.2525420246420245,0.8272604338515694,ER
58,0.01,2.2294846625596625,0.9315104613506843,2.225099694749695,0.8301566263959134,ER
59,0.01,2.237917837146514,0.9025510421727265,2.235293940618205,0.8666378587404099,ER
60,0.01,2.2300340714840714,0.9396360704504049,2.276193181818182,0.8535160270531763,ER
61,0.01,2.2289671925296926,0.9485390207648727,2.231704925629926,0.8493999391671208,ER
62,0.01,2.2578156732156733,0.9259760143669712,2.234492855755356,0.880123462794893,ER
63,0.01,2.2328856199356197,0.9567870725318621,2.2431267593517594,0.8648658061530958,ER
64,0.01,2.273770992895993,0.9476311738097354,2.2480445915195912,0.8922499837935246,ER
65,0.01,2.230816272616272,0.9432044432874046,2.2609294178044177,0.904212972481403,ER
66,0.01,2.2565705627705626,0.9395530783536132,2.256180339105339,0.8660095649601923,ER
67,0.01,2.2064279886779885,0.9476085458492488,2.2253699605949606,0.9008793471665448,ER
68,0.01,2.2623681679431678,0.9778770504670303,2.221487198912199,0.8720992425569856,ER
69,0.01,2.234763530913531,0.9261548497212989,2.239449345099345,0.8580930409939667,ER
70,0.01,2.2732380952380953,0.9590639674149795,2.2565928710178706,0.8905064796214336,ER
71,0.01,2.2792877344877343,0.9301204283323452,2.2944409507159507,0.8487360919488953,ER
72,0.01,2.26409863053613,0.9323744881590077,2.251269626207126,0.8616146647366573,ER
73,0.01,2.296259826284826,0.9537268218083347,2.2475830364080367,0.8824157201700388,ER
74,0.01,2.2483083361083365,0.9340534407894197,2.2213624139749144,0.8536482198486718,ER
75,0.01,2.232575485625486,0.9453914237507175,2.213048973248973,0.9054041220884339,ER
76,0.01,2.2607594433344436,0.9772038002406233,2.240775876900877,0.8700884588344083,ER
77,0.01,2.2535154025712845,0.9557184597922062,2.237803025324349,0.8192308904299161,ER
78,0.01,2.2081211344211344,0.9421206571946905,2.227071459096459,0.8731226051251629,ER
79,0.01,2.259679981129981,0.9620453198884225,2.291322799422799,0.8563362701572991,ER
80,0.01,2.2459434065934065,0.9493898730143894,2.2691240176490175,0.8915297505254213,ER
81,0.01,2.2227591880341877,0.956751953480611,2.180840975690976,0.8681196318428606,ER
82,0.01,2.282424408924409,0.9191978148766285,2.277322039072039,0.8698570527189398,ER
83,0.01,2.2239063936063936,0.9400232539013986,2.1959263320013314,0.8589959905587848,ER
84,0.01,2.257847763347763,0.9838492897584633,2.226841008991009,0.8928864676216344,ER
85,0.01,2.212676499889,0.9658165351173558,2.2503506382506386,0.8664955720515616,ER
86,0.01,2.2402650543900546,0.9213965699356815,2.2298929639804643,0.8365934502979542,ER
87,0.01,2.2487711593961595,0.9861183595344245,2.204964026251526,0.861270234712172,ER
88,0.01,2.2603202172827173,0.9488084668550313,2.2931839688089686,0.8783301493811116,ER
89,0.01,2.265043201243201,0.9231238613360031,2.2735750971250974,0.8864484438898753,ER
90,0.01,2.2426617299367297,0.9787431706805667,2.2285724442224444,0.8717090066054375,ER
91,0.01,2.268962554112554,0.8990496908736771,2.2616982073482075,0.9069052687495496,ER
92,0.01,2.1961315767565766,0.9358090567901927,2.1886256049506048,0.8680225703725425,ER
93,0.01,2.2627795177045176,0.9189565042525262,2.254891208791209,0.8793599235373945,ER
94,0.01,2.243019869019869,0.9401939610358737,2.2463533771783775,0.8834989582715609,ER
95,0.01,2.282098013098013,0.9501063245718132,2.2509767232767235,0.877534721930869,ER
96,0.01,2.267829301254302,0.9361612079587249,2.261166203241203,0.8728832288557883,ER
97,0.01,2.25482475024975,0.9162268469283518,2.251004362304362,0.8814431660358623,ER
98,0.01,2.242813536463536,0.9570015948544134,2.226206152181152,0.8366801747415289,ER
99,0.01,2.248494810744811,0.9224422068251839,2.239935891885892,0.8745645226968798,ER
0,0.02,2.232152547452547,0.9576252278223322,2.19016862026862,0.8690399826883161,ER
1,0.02,2.259440054390055,0.9723347696905139,2.2687287434787438,0.8759459616650581,ER
2,0.02,2.21720821955822,0.944543758491682,2.255985323010323,0.8471554534144659,ER
3,0.02,2.248058416583416,0.946593458866228,2.2459050061050063,0.8367530594319263,ER
4,0.02,2.255079803529804,0.9574108488405959,2.2567991785991786,0.8399910943065487,ER
5,0.02,2.2261812853812852,0.9847955024336978,2.2223574564324564,0.8884822862557447,ER
6,0.02,2.208675793650794,0.9755370835258527,2.234672422022422,0.8640283329630466,ER
7,0.02,2.276439607614608,0.9095028046846303,2.271896714396714,0.8545552800684638,ER
8,0.02,2.261834057609058,0.9647521322345833,2.2684071345321346,0.885815965206979,ER
9,0.02,2.2847753635253634,0.9685058241301842,2.240238566988567,0.877634719389655,ER
10,0.02,2.241408941058941,0.9420093204010854,2.220495032745033,0.9038379382169809,ER
11,0.02,2.2745520673770674,0.9467256241988853,2.270258394383394,0.863768320639406,ER
12,0.02,2.2021726856476858,0.936084112164623,2.231496780996781,0.8365452552200309,ER
13,0.02,2.239889806027306,0.9629216260710313,2.282910531135531,0.8371989154402342,ER
14,0.02,2.2473457098457104,0.966092457174998,2.271483180708181,0.9012202914650914,ER
15,0.02,2.2755086413586416,0.9706059464945876,2.2738633144633145,0.8512870335390791,ER
16,0.02,2.24927597957598,0.9578702202232214,2.254515861915862,0.8518880771396824,ER
17,0.02,2.229786204318557,0.9243513032340961,2.246668828230593,0.9180957825221046,ER
18,0.02,2.250356313131313,0.9598095410633947,2.235349703074703,0.8967493757244425,ER
19,0.02,2.2855302392052392,1.0024033560945422,2.247905422355422,0.9055574243552968,ER
20,0.02,2.275627538637833,0.9516209875864421,2.2883830716668956,0.8548005660000447,ER
21,0.02,2.216980314130314,0.9377236792965827,2.2322125208125208,0.8748669556190206,ER
22,0.02,2.237221731046731,0.9740472129659778,2.252042254967255,0.8909141879971918,ER
23,0.02,2.240691772116772,0.9464007499111061,2.2625347402597398,0.8509326511695875,ER
24,0.02,2.2326638694638694,0.9449195276984155,2.2550294733044733,0.8247036919494952,ER
25,0.02,2.276385678210678,0.935975796374592,2.2470108003108002,0.8879578116275958,ER
26,0.02,2.2421764541014544,0.9449531597404746,2.2768087107337105,0.8975906009541338,ER
27,0.02,2.2246176573426575,0.9493895875380601,2.2445818875568877,0.890659666718645,ER
28,0.02,2.2470828588078584,0.9801512557960186,2.2711216255966256,0.900195897386729,ER
29,0.02,2.262281227106227,0.9520414386084334,2.270365401265401,0.8242630334460858,ER
30,0.02,2.2522753413253414,0.9904963393644075,2.2471719030969033,0.865682760389317,ER
31,0.02,2.2336912975912973,0.9489669977234413,2.227220612720613,0.8632889583403195,ER
32,0.02,2.261826332001332,0.9689793810143503,2.259912606837607,0.8928041239341518,ER
33,0.02,2.2480969155844157,0.9574884486698714,2.2392243881118885,0.9028049219679458,ER
34,0.02,2.2692195717681014,0.9516454591620456,2.2468879551820726,0.8643340701340063,ER
35,0.02,2.2683677919302916,0.9228115961660329,2.2444861180486178,0.858759558511175,ER
36,0.02,2.2476648656898655,0.9696640101924601,2.2180628121878128,0.8572410223314825,ER
37,0.02,2.285223917748918,1.0059025603288925,2.2347710317460314,0.8960910709355177,ER
38,0.02,2.2047854756354757,0.9323815046735849,2.215944527694528,0.8757688741078998,ER
39,0.02,2.281281782106782,0.9782435477688339,2.2546688381063382,0.8672998381523251,ER
40,0.02,2.267028653291153,0.9617518962563358,2.242738458763459,0.8726957412898092,ER
41,0.02,2.2387023240648243,0.9280287380888076,2.230186138861139,0.8564685914357425,ER
42,0.02,2.2940751526251524,0.9331629197558058,2.263981224331224,0.8651655703557046,ER
43,0.02,2.2433856476856477,0.9724826518136419,2.2418257437007436,0.9059985055544464,ER
44,0.02,2.2312457847707847,0.9566477541220859,2.27187988955489,0.9154349072732412,ER
45,0.02,2.237018667443668,0.9365379625125719,2.202725115162615,0.8724795078701841,ER
46,0.02,2.265207153957154,0.9638027286037785,2.274432713120213,0.8653020486293476,ER
47,0.02,2.2281922105672103,0.9482687133179065,2.261351445776446,0.8660744952645739,ER
48,0.02,2.291833719058719,0.9933824840555154,2.2583387778887776,0.8663707127112322,ER
49,0.02,2.2747293345543342,0.987514119208204,2.267250432247491,0.8670173365658497,ER
50,0.02,2.2266540237540235,0.9567444469447901,2.2371138195138194,0.8274746099944699,ER
51,0.02,2.3244420690420693,0.9778276165926951,2.2709984432234434,0.8852873813348994,ER
52,0.02,2.2201611527361527,0.952077021078855,2.176696010933511,0.8595753374230217,ER
53,0.02,2.2709649655899655,0.972978613616407,2.2731022047397045,0.8371525484211693,ER
54,0.02,2.274342848981084,0.9667100763889618,2.3025276638394283,0.8484465520862089,ER
55,0.02,2.253357431457432,0.948811762315,2.2589341713841713,0.8557693481880712,ER
56,0.02,2.2415553141303146,0.9391952328349659,2.2342107337107335,0.8826584703758437,ER
57,0.02,2.2405282412032412,0.9005220416577793,2.2150760780885785,0.841513109151421,ER
58,0.02,2.244119594294595,0.9399582373359653,2.2300798840048843,0.8777623962105426,ER
59,0.02,2.2314126651126647,0.9639476724855113,2.3031351537351537,0.8901997189897664,ER
60,0.02,2.2982263264513265,0.9609826837985411,2.2525092796092796,0.8448380803367596,ER
61,0.02,2.240565995115995,0.9509648159738364,2.247899073149073,0.8842174383909643,ER
62,0.02,2.2804516566766564,0.9921411736066051,2.2855942168942165,0.8878647412375787,ER
63,0.02,2.2711869047619047,0.9454503504629027,2.252936491286491,0.8709296474576891,ER
64,0.02,2.259972333222333,0.955695862218064,2.213242415917416,0.8913508429136637,ER
65,0.02,2.3100575924075923,0.9640952587947792,2.3049862692862697,0.8268038111546578,ER
66,0.02,2.289234024309024,0.9785138298204529,2.276085964035964,0.8758534969607036,ER
67,0.02,2.2026237456987454,0.9294557954880464,2.22112548007548,0.8661161700756311,ER
68,0.02,2.2548792651792655,0.9950210869992244,2.249806567044067,0.8277549142419219,ER
69,0.02,2.228388877788878,0.9065440658192913,2.2517946067821066,0.8819050583245109,ER
70,0.02,2.2055231199356204,0.9516300604414202,2.2036216006216005,0.8459884591122352,ER
71,0.02,2.2631072427572425,0.9769277504470674,2.291672125097125,0.8637258610894128,ER
72,0.02,2.2460946719946717,0.9403526223391385,2.2790981213231216,0.8332779007211484,ER
73,0.02,2.239912654012654,0.9778806932750947,2.2461300740925743,0.8971812421435046,ER
74,0.02,2.234286385836386,0.9702144339948838,2.2233706265956266,0.8848317949274122,ER
75,0.02,2.257943038905539,0.9414173906615364,2.288469201631701,0.8290314354390684,ER
76,0.02,2.2464241605616606,0.9597731969328068,2.234643832556332,0.8823486379041573,ER
77,0.02,2.2963060606060606,0.9458208680745874,2.299473948273948,0.8717324027639635,ER
78,0.02,2.2567579337329335,0.9510892573164279,2.2215609723609724,0.8460224596181879,ER
79,0.02,2.2299643842268844,0.9681993971145293,2.2201586829836835,0.880241280951205,ER
80,0.02,2.2715946958270488,0.9534974230323789,2.253231368468133,0.8480058885033136,ER
81,0.02,2.254549614274614,0.9365754702030532,2.231974264624265,0.866566969038177,ER
82,0.02,2.2524301420801423,0.988582778088625,2.1956472582972584,0.8619369757970989,ER
83,0.02,2.2301038045288046,0.9358251737594183,2.2410810522810527,0.8514623357636274,ER
84,0.02,2.241918068043068,0.9560564908039324,2.2405914058164056,0.8755013049138799,ER
85,0.02,2.3022880820976406,0.92131264727985,2.242006489996931,0.8293654538909282,ER
86,0.02,2.268898803973804,0.9370590642347963,2.2723675463425463,0.9066388974704739,ER
87,0.02,2.2417499666999667,0.9678156617774576,2.257140523365523,0.8806828972170166,ER
88,0.02,2.24185481838423,0.9619890872507978,2.2616692506839566,0.9081179863208364,ER
89,0.02,2.2437319735819736,0.8964575684630928,2.2469095376845374,0.846410745480076,ER
90,0.02,2.2013336746586747,0.9516396582240306,2.24514444999445,0.8424853282578701,ER
91,0.02,2.271321525696526,0.9481005771047429,2.2472521645021644,0.8672778141503239,ER
92,0.02,2.276150603563104,0.9556042201320953,2.276238744588744,0.8589840923611399,ER
93,0.02,2.227806782106782,0.9636416003697815,2.261526781551782,0.873481662675242,ER
94,0.02,2.2368477855477855,0.95693631552664,2.2563858003108,0.8549229102585957,ER
95,0.02,2.2658829365079365,0.957439310104441,2.2457092657342654,0.8712352483142239,ER
96,0.02,2.2384337162837165,0.9307656911428811,2.2499714382839384,0.8550814639932234,ER
97,0.02,2.258549884755767,0.9326591682664254,2.2316597596847596,0.8980449374268861,ER
98,0.02,2.2510763500388498,0.9278783034267649,2.2723296009546012,0.8433209946327193,ER
99,0.02,2.2323538600288604,0.9480987065500097,2.2470887640137645,0.87738921264145,ER
